cve_id,change_type,date_updated,shard,run_utc
CVE-2012-1710,updated,2026-08-04,cve_2022_and_before,2026-08-04T09:36:43+00:00
CVE-2012-1723,updated,2026-08-04,cve_2022_and_before,2026-08-04T09:36:43+00:00
CVE-2012-4681,updated,2026-08-04,cve_2022_and_before,2026-08-04T09:36:43+00:00
CVE-2015-2291,updated,2026-08-04,cve_2022_and_before,2026-08-04T09:36:43+00:00
CVE-2017-6884,updated,2026-08-04,cve_2022_and_before,2026-08-04T09:36:43+00:00
CVE-2019-6693,updated,2026-08-04,cve_2022_and_before,2026-08-04T09:36:43+00:00
CVE-2019-15107,updated,2026-08-04,cve_2022_and_before,2026-08-04T09:36:43+00:00
CVE-2019-25160,updated,2026-08-04,cve_2022_and_before,2026-08-04T09:36:43+00:00
CVE-2019-25162,updated,2026-08-04,cve_2022_and_before,2026-08-04T09:36:43+00:00
CVE-2020-36785,updated,2026-08-04,cve_2022_and_before,2026-08-04T09:36:43+00:00
CVE-2020-36787,updated,2026-08-04,cve_2022_and_before,2026-08-04T09:36:43+00:00
CVE-2020-36788,updated,2026-08-04,cve_2022_and_before,2026-08-04T09:36:43+00:00
CVE-2020-36791,updated,2026-08-04,cve_2022_and_before,2026-08-04T09:36:43+00:00
CVE-2021-4454,updated,2026-08-04,cve_2022_and_before,2026-08-04T09:36:43+00:00
CVE-2021-43890,updated,2026-08-04,cve_2022_and_before,2026-08-04T09:36:43+00:00
CVE-2021-44529,updated,2026-08-04,cve_2022_and_before,2026-08-04T09:36:43+00:00
CVE-2021-46908,updated,2026-08-04,cve_2022_and_before,2026-08-04T09:36:43+00:00
CVE-2021-46910,updated,2026-08-04,cve_2022_and_before,2026-08-04T09:36:43+00:00
CVE-2021-46911,updated,2026-08-04,cve_2022_and_before,2026-08-04T09:36:43+00:00
CVE-2021-46912,updated,2026-08-04,cve_2022_and_before,2026-08-04T09:36:43+00:00
CVE-2021-46913,updated,2026-08-04,cve_2022_and_before,2026-08-04T09:36:43+00:00
CVE-2021-46921,updated,2026-08-04,cve_2022_and_before,2026-08-04T09:36:43+00:00
CVE-2021-46922,updated,2026-08-04,cve_2022_and_before,2026-08-04T09:36:43+00:00
CVE-2021-46925,updated,2026-08-04,cve_2022_and_before,2026-08-04T09:36:43+00:00
CVE-2021-46929,updated,2026-08-04,cve_2022_and_before,2026-08-04T09:36:43+00:00
CVE-2021-46933,updated,2026-08-04,cve_2022_and_before,2026-08-04T09:36:43+00:00
CVE-2021-46936,updated,2026-08-04,cve_2022_and_before,2026-08-04T09:36:43+00:00
CVE-2021-46948,updated,2026-08-04,cve_2022_and_before,2026-08-04T09:36:43+00:00
CVE-2021-46955,updated,2026-08-04,cve_2022_and_before,2026-08-04T09:36:43+00:00
CVE-2021-46958,updated,2026-08-04,cve_2022_and_before,2026-08-04T09:36:43+00:00
CVE-2021-46960,updated,2026-08-04,cve_2022_and_before,2026-08-04T09:36:43+00:00
CVE-2021-46963,updated,2026-08-04,cve_2022_and_before,2026-08-04T09:36:43+00:00
CVE-2021-46967,updated,2026-08-04,cve_2022_and_before,2026-08-04T09:36:43+00:00
CVE-2021-46969,updated,2026-08-04,cve_2022_and_before,2026-08-04T09:36:43+00:00
CVE-2021-46973,updated,2026-08-04,cve_2022_and_before,2026-08-04T09:36:43+00:00
CVE-2021-46974,updated,2026-08-04,cve_2022_and_before,2026-08-04T09:36:43+00:00
CVE-2021-46977,updated,2026-08-04,cve_2022_and_before,2026-08-04T09:36:43+00:00
CVE-2021-46983,updated,2026-08-04,cve_2022_and_before,2026-08-04T09:36:43+00:00
CVE-2021-46984,updated,2026-08-04,cve_2022_and_before,2026-08-04T09:36:43+00:00
CVE-2021-46989,updated,2026-08-04,cve_2022_and_before,2026-08-04T09:36:43+00:00
CVE-2021-46992,updated,2026-08-04,cve_2022_and_before,2026-08-04T09:36:43+00:00
CVE-2021-46993,updated,2026-08-04,cve_2022_and_before,2026-08-04T09:36:43+00:00
CVE-2021-46998,updated,2026-08-04,cve_2022_and_before,2026-08-04T09:36:43+00:00
CVE-2021-46999,updated,2026-08-04,cve_2022_and_before,2026-08-04T09:36:43+00:00
CVE-2021-47001,updated,2026-08-04,cve_2022_and_before,2026-08-04T09:36:43+00:00
CVE-2021-47004,updated,2026-08-04,cve_2022_and_before,2026-08-04T09:36:43+00:00
CVE-2021-47011,updated,2026-08-04,cve_2022_and_before,2026-08-04T09:36:43+00:00
CVE-2021-47012,updated,2026-08-04,cve_2022_and_before,2026-08-04T09:36:43+00:00
CVE-2021-47013,updated,2026-08-04,cve_2022_and_before,2026-08-04T09:36:43+00:00
CVE-2021-47014,updated,2026-08-04,cve_2022_and_before,2026-08-04T09:36:43+00:00
CVE-2021-47017,updated,2026-08-04,cve_2022_and_before,2026-08-04T09:36:43+00:00
CVE-2021-47028,updated,2026-08-04,cve_2022_and_before,2026-08-04T09:36:43+00:00
CVE-2021-47035,updated,2026-08-04,cve_2022_and_before,2026-08-04T09:36:43+00:00
CVE-2021-47036,updated,2026-08-04,cve_2022_and_before,2026-08-04T09:36:43+00:00
CVE-2021-47040,updated,2026-08-04,cve_2022_and_before,2026-08-04T09:36:43+00:00
CVE-2021-47041,updated,2026-08-04,cve_2022_and_before,2026-08-04T09:36:43+00:00
CVE-2021-47048,updated,2026-08-04,cve_2022_and_before,2026-08-04T09:36:43+00:00
CVE-2021-47049,updated,2026-08-04,cve_2022_and_before,2026-08-04T09:36:43+00:00
CVE-2021-47055,updated,2026-08-04,cve_2022_and_before,2026-08-04T09:36:43+00:00
CVE-2021-47060,updated,2026-08-04,cve_2022_and_before,2026-08-04T09:36:43+00:00
CVE-2021-47061,updated,2026-08-04,cve_2022_and_before,2026-08-04T09:36:43+00:00
CVE-2021-47066,updated,2026-08-04,cve_2022_and_before,2026-08-04T09:36:43+00:00
CVE-2021-47068,updated,2026-08-04,cve_2022_and_before,2026-08-04T09:36:43+00:00
CVE-2021-47069,updated,2026-08-04,cve_2022_and_before,2026-08-04T09:36:43+00:00
CVE-2021-47078,updated,2026-08-04,cve_2022_and_before,2026-08-04T09:36:43+00:00
CVE-2021-47081,updated,2026-08-04,cve_2022_and_before,2026-08-04T09:36:43+00:00
CVE-2021-47082,updated,2026-08-04,cve_2022_and_before,2026-08-04T09:36:43+00:00
CVE-2021-47083,updated,2026-08-04,cve_2022_and_before,2026-08-04T09:36:43+00:00
CVE-2021-47087,updated,2026-08-04,cve_2022_and_before,2026-08-04T09:36:43+00:00
CVE-2021-47094,updated,2026-08-04,cve_2022_and_before,2026-08-04T09:36:43+00:00
CVE-2021-47099,updated,2026-08-04,cve_2022_and_before,2026-08-04T09:36:43+00:00
CVE-2021-47102,updated,2026-08-04,cve_2022_and_before,2026-08-04T09:36:43+00:00
CVE-2021-47103,updated,2026-08-04,cve_2022_and_before,2026-08-04T09:36:43+00:00
CVE-2021-47106,updated,2026-08-04,cve_2022_and_before,2026-08-04T09:36:43+00:00
CVE-2021-47107,updated,2026-08-04,cve_2022_and_before,2026-08-04T09:36:43+00:00
CVE-2021-47109,updated,2026-08-04,cve_2022_and_before,2026-08-04T09:36:43+00:00
CVE-2021-47111,updated,2026-08-04,cve_2022_and_before,2026-08-04T09:36:43+00:00
CVE-2021-47112,updated,2026-08-04,cve_2022_and_before,2026-08-04T09:36:43+00:00
CVE-2021-47113,updated,2026-08-04,cve_2022_and_before,2026-08-04T09:36:43+00:00
CVE-2021-47123,updated,2026-08-04,cve_2022_and_before,2026-08-04T09:36:43+00:00
CVE-2021-47124,updated,2026-08-04,cve_2022_and_before,2026-08-04T09:36:43+00:00
CVE-2021-47126,updated,2026-08-04,cve_2022_and_before,2026-08-04T09:36:43+00:00
CVE-2021-47129,updated,2026-08-04,cve_2022_and_before,2026-08-04T09:36:43+00:00
CVE-2021-47130,updated,2026-08-04,cve_2022_and_before,2026-08-04T09:36:43+00:00
CVE-2021-47131,updated,2026-08-04,cve_2022_and_before,2026-08-04T09:36:43+00:00
CVE-2021-47132,updated,2026-08-04,cve_2022_and_before,2026-08-04T09:36:43+00:00
CVE-2021-47135,updated,2026-08-04,cve_2022_and_before,2026-08-04T09:36:43+00:00
CVE-2021-47136,updated,2026-08-04,cve_2022_and_before,2026-08-04T09:36:43+00:00
CVE-2021-47137,updated,2026-08-04,cve_2022_and_before,2026-08-04T09:36:43+00:00
CVE-2021-47142,updated,2026-08-04,cve_2022_and_before,2026-08-04T09:36:43+00:00
CVE-2021-47148,updated,2026-08-04,cve_2022_and_before,2026-08-04T09:36:43+00:00
CVE-2021-47152,updated,2026-08-04,cve_2022_and_before,2026-08-04T09:36:43+00:00
CVE-2021-47153,updated,2026-08-04,cve_2022_and_before,2026-08-04T09:36:43+00:00
CVE-2021-47158,updated,2026-08-04,cve_2022_and_before,2026-08-04T09:36:43+00:00
CVE-2021-47159,updated,2026-08-04,cve_2022_and_before,2026-08-04T09:36:43+00:00
CVE-2021-47160,updated,2026-08-04,cve_2022_and_before,2026-08-04T09:36:43+00:00
CVE-2021-47162,updated,2026-08-04,cve_2022_and_before,2026-08-04T09:36:43+00:00
CVE-2021-47163,updated,2026-08-04,cve_2022_and_before,2026-08-04T09:36:43+00:00
CVE-2021-47168,updated,2026-08-04,cve_2022_and_before,2026-08-04T09:36:43+00:00
CVE-2021-47175,updated,2026-08-04,cve_2022_and_before,2026-08-04T09:36:43+00:00
CVE-2021-47178,updated,2026-08-04,cve_2022_and_before,2026-08-04T09:36:43+00:00
CVE-2021-47179,updated,2026-08-04,cve_2022_and_before,2026-08-04T09:36:43+00:00
CVE-2021-47183,updated,2026-08-04,cve_2022_and_before,2026-08-04T09:36:43+00:00
CVE-2021-47184,updated,2026-08-04,cve_2022_and_before,2026-08-04T09:36:43+00:00
CVE-2021-47188,updated,2026-08-04,cve_2022_and_before,2026-08-04T09:36:43+00:00
CVE-2021-47189,updated,2026-08-04,cve_2022_and_before,2026-08-04T09:36:43+00:00
CVE-2021-47191,updated,2026-08-04,cve_2022_and_before,2026-08-04T09:36:43+00:00
CVE-2021-47194,updated,2026-08-04,cve_2022_and_before,2026-08-04T09:36:43+00:00
CVE-2021-47196,updated,2026-08-04,cve_2022_and_before,2026-08-04T09:36:43+00:00
CVE-2021-47197,updated,2026-08-04,cve_2022_and_before,2026-08-04T09:36:43+00:00
CVE-2021-47200,updated,2026-08-04,cve_2022_and_before,2026-08-04T09:36:43+00:00
CVE-2021-47201,updated,2026-08-04,cve_2022_and_before,2026-08-04T09:36:43+00:00
CVE-2021-47203,updated,2026-08-04,cve_2022_and_before,2026-08-04T09:36:43+00:00
CVE-2021-47209,updated,2026-08-04,cve_2022_and_before,2026-08-04T09:36:43+00:00
CVE-2021-47215,updated,2026-08-04,cve_2022_and_before,2026-08-04T09:36:43+00:00
CVE-2021-47219,updated,2026-08-04,cve_2022_and_before,2026-08-04T09:36:43+00:00
CVE-2021-47222,updated,2026-08-04,cve_2022_and_before,2026-08-04T09:36:43+00:00
CVE-2021-47224,updated,2026-08-04,cve_2022_and_before,2026-08-04T09:36:43+00:00
CVE-2021-47226,updated,2026-08-04,cve_2022_and_before,2026-08-04T09:36:43+00:00
CVE-2021-47232,updated,2026-08-04,cve_2022_and_before,2026-08-04T09:36:43+00:00
CVE-2021-47240,updated,2026-08-04,cve_2022_and_before,2026-08-04T09:36:43+00:00
CVE-2021-47242,updated,2026-08-04,cve_2022_and_before,2026-08-04T09:36:43+00:00
CVE-2021-47243,updated,2026-08-04,cve_2022_and_before,2026-08-04T09:36:43+00:00
CVE-2021-47244,updated,2026-08-04,cve_2022_and_before,2026-08-04T09:36:43+00:00
CVE-2021-47245,updated,2026-08-04,cve_2022_and_before,2026-08-04T09:36:43+00:00
CVE-2021-47247,updated,2026-08-04,cve_2022_and_before,2026-08-04T09:36:43+00:00
CVE-2021-47248,updated,2026-08-04,cve_2022_and_before,2026-08-04T09:36:43+00:00
CVE-2021-47254,updated,2026-08-04,cve_2022_and_before,2026-08-04T09:36:43+00:00
CVE-2021-47259,updated,2026-08-04,cve_2022_and_before,2026-08-04T09:36:43+00:00
CVE-2021-47261,updated,2026-08-04,cve_2022_and_before,2026-08-04T09:36:43+00:00
CVE-2021-47274,updated,2026-08-04,cve_2022_and_before,2026-08-04T09:36:43+00:00
CVE-2021-47281,updated,2026-08-04,cve_2022_and_before,2026-08-04T09:36:43+00:00
CVE-2021-47282,updated,2026-08-04,cve_2022_and_before,2026-08-04T09:36:43+00:00
CVE-2021-47290,updated,2026-08-04,cve_2022_and_before,2026-08-04T09:36:43+00:00
CVE-2021-47291,updated,2026-08-04,cve_2022_and_before,2026-08-04T09:36:43+00:00
CVE-2021-47296,updated,2026-08-04,cve_2022_and_before,2026-08-04T09:36:43+00:00
CVE-2021-47300,updated,2026-08-04,cve_2022_and_before,2026-08-04T09:36:43+00:00
CVE-2021-47303,updated,2026-08-04,cve_2022_and_before,2026-08-04T09:36:43+00:00
CVE-2021-47307,updated,2026-08-04,cve_2022_and_before,2026-08-04T09:36:43+00:00
CVE-2021-47308,updated,2026-08-04,cve_2022_and_before,2026-08-04T09:36:43+00:00
CVE-2021-47309,updated,2026-08-04,cve_2022_and_before,2026-08-04T09:36:43+00:00
CVE-2021-47316,updated,2026-08-04,cve_2022_and_before,2026-08-04T09:36:43+00:00
CVE-2021-47317,updated,2026-08-04,cve_2022_and_before,2026-08-04T09:36:43+00:00
CVE-2021-47328,updated,2026-08-04,cve_2022_and_before,2026-08-04T09:36:43+00:00
CVE-2021-47338,updated,2026-08-04,cve_2022_and_before,2026-08-04T09:36:43+00:00
CVE-2021-47341,updated,2026-08-04,cve_2022_and_before,2026-08-04T09:36:43+00:00
CVE-2021-47343,updated,2026-08-04,cve_2022_and_before,2026-08-04T09:36:43+00:00
CVE-2021-47346,updated,2026-08-04,cve_2022_and_before,2026-08-04T09:36:43+00:00
CVE-2021-47347,updated,2026-08-04,cve_2022_and_before,2026-08-04T09:36:43+00:00
CVE-2021-47351,updated,2026-08-04,cve_2022_and_before,2026-08-04T09:36:43+00:00
CVE-2021-47352,updated,2026-08-04,cve_2022_and_before,2026-08-04T09:36:43+00:00
CVE-2021-47354,updated,2026-08-04,cve_2022_and_before,2026-08-04T09:36:43+00:00
CVE-2021-47358,updated,2026-08-04,cve_2022_and_before,2026-08-04T09:36:43+00:00
CVE-2021-47366,updated,2026-08-04,cve_2022_and_before,2026-08-04T09:36:43+00:00
CVE-2021-47368,updated,2026-08-04,cve_2022_and_before,2026-08-04T09:36:43+00:00
CVE-2021-47374,updated,2026-08-04,cve_2022_and_before,2026-08-04T09:36:43+00:00
CVE-2021-47378,updated,2026-08-04,cve_2022_and_before,2026-08-04T09:36:43+00:00
CVE-2021-47380,updated,2026-08-04,cve_2022_and_before,2026-08-04T09:36:43+00:00
CVE-2021-47383,updated,2026-08-04,cve_2022_and_before,2026-08-04T09:36:43+00:00
CVE-2021-47388,updated,2026-08-04,cve_2022_and_before,2026-08-04T09:36:43+00:00
CVE-2021-47390,updated,2026-08-04,cve_2022_and_before,2026-08-04T09:36:43+00:00
CVE-2021-47391,updated,2026-08-04,cve_2022_and_before,2026-08-04T09:36:43+00:00
CVE-2021-47394,updated,2026-08-04,cve_2022_and_before,2026-08-04T09:36:43+00:00
CVE-2021-47397,updated,2026-08-04,cve_2022_and_before,2026-08-04T09:36:43+00:00
CVE-2021-47400,updated,2026-08-04,cve_2022_and_before,2026-08-04T09:36:43+00:00
CVE-2021-47401,updated,2026-08-04,cve_2022_and_before,2026-08-04T09:36:43+00:00
CVE-2021-47402,updated,2026-08-04,cve_2022_and_before,2026-08-04T09:36:43+00:00
CVE-2021-47412,updated,2026-08-04,cve_2022_and_before,2026-08-04T09:36:43+00:00
CVE-2021-47419,updated,2026-08-04,cve_2022_and_before,2026-08-04T09:36:43+00:00
CVE-2021-47421,updated,2026-08-04,cve_2022_and_before,2026-08-04T09:36:43+00:00
CVE-2021-47427,updated,2026-08-04,cve_2022_and_before,2026-08-04T09:36:43+00:00
CVE-2021-47433,updated,2026-08-04,cve_2022_and_before,2026-08-04T09:36:43+00:00
CVE-2021-47438,updated,2026-08-04,cve_2022_and_before,2026-08-04T09:36:43+00:00
CVE-2021-47446,updated,2026-08-04,cve_2022_and_before,2026-08-04T09:36:43+00:00
CVE-2021-47447,updated,2026-08-04,cve_2022_and_before,2026-08-04T09:36:43+00:00
CVE-2021-47448,updated,2026-08-04,cve_2022_and_before,2026-08-04T09:36:43+00:00
CVE-2021-47450,updated,2026-08-04,cve_2022_and_before,2026-08-04T09:36:43+00:00
CVE-2021-47451,updated,2026-08-04,cve_2022_and_before,2026-08-04T09:36:43+00:00
CVE-2021-47458,updated,2026-08-04,cve_2022_and_before,2026-08-04T09:36:43+00:00
CVE-2021-47459,updated,2026-08-04,cve_2022_and_before,2026-08-04T09:36:43+00:00
CVE-2021-47461,updated,2026-08-04,cve_2022_and_before,2026-08-04T09:36:43+00:00
CVE-2021-47465,updated,2026-08-04,cve_2022_and_before,2026-08-04T09:36:43+00:00
CVE-2021-47478,updated,2026-08-04,cve_2022_and_before,2026-08-04T09:36:43+00:00
CVE-2021-47483,updated,2026-08-04,cve_2022_and_before,2026-08-04T09:36:43+00:00
CVE-2021-47485,updated,2026-08-04,cve_2022_and_before,2026-08-04T09:36:43+00:00
CVE-2021-47492,updated,2026-08-04,cve_2022_and_before,2026-08-04T09:36:43+00:00
CVE-2021-47493,updated,2026-08-04,cve_2022_and_before,2026-08-04T09:36:43+00:00
CVE-2021-47494,updated,2026-08-04,cve_2022_and_before,2026-08-04T09:36:43+00:00
CVE-2021-47496,updated,2026-08-04,cve_2022_and_before,2026-08-04T09:36:43+00:00
CVE-2021-47500,updated,2026-08-04,cve_2022_and_before,2026-08-04T09:36:43+00:00
CVE-2021-47502,updated,2026-08-04,cve_2022_and_before,2026-08-04T09:36:43+00:00
CVE-2021-47505,updated,2026-08-04,cve_2022_and_before,2026-08-04T09:36:43+00:00
CVE-2021-47506,updated,2026-08-04,cve_2022_and_before,2026-08-04T09:36:43+00:00
CVE-2021-47512,updated,2026-08-04,cve_2022_and_before,2026-08-04T09:36:43+00:00
CVE-2021-47515,updated,2026-08-04,cve_2022_and_before,2026-08-04T09:36:43+00:00
CVE-2021-47517,updated,2026-08-04,cve_2022_and_before,2026-08-04T09:36:43+00:00
CVE-2021-47520,updated,2026-08-04,cve_2022_and_before,2026-08-04T09:36:43+00:00
CVE-2021-47533,updated,2026-08-04,cve_2022_and_before,2026-08-04T09:36:43+00:00
CVE-2021-47535,updated,2026-08-04,cve_2022_and_before,2026-08-04T09:36:43+00:00
CVE-2021-47536,updated,2026-08-04,cve_2022_and_before,2026-08-04T09:36:43+00:00
CVE-2021-47541,updated,2026-08-04,cve_2022_and_before,2026-08-04T09:36:43+00:00
CVE-2021-47544,updated,2026-08-04,cve_2022_and_before,2026-08-04T09:36:43+00:00
CVE-2021-47551,updated,2026-08-04,cve_2022_and_before,2026-08-04T09:36:43+00:00
CVE-2021-47552,updated,2026-08-04,cve_2022_and_before,2026-08-04T09:36:43+00:00
CVE-2021-47555,updated,2026-08-04,cve_2022_and_before,2026-08-04T09:36:43+00:00
CVE-2021-47559,updated,2026-08-04,cve_2022_and_before,2026-08-04T09:36:43+00:00
CVE-2021-47561,updated,2026-08-04,cve_2022_and_before,2026-08-04T09:36:43+00:00
CVE-2021-47576,updated,2026-08-04,cve_2022_and_before,2026-08-04T09:36:43+00:00
CVE-2021-47577,updated,2026-08-04,cve_2022_and_before,2026-08-04T09:36:43+00:00
CVE-2021-47580,updated,2026-08-04,cve_2022_and_before,2026-08-04T09:36:43+00:00
CVE-2021-47587,updated,2026-08-04,cve_2022_and_before,2026-08-04T09:36:43+00:00
CVE-2021-47588,updated,2026-08-04,cve_2022_and_before,2026-08-04T09:36:43+00:00
CVE-2021-47598,updated,2026-08-04,cve_2022_and_before,2026-08-04T09:36:43+00:00
CVE-2021-47600,updated,2026-08-04,cve_2022_and_before,2026-08-04T09:36:43+00:00
CVE-2021-47604,updated,2026-08-04,cve_2022_and_before,2026-08-04T09:36:43+00:00
CVE-2021-47605,updated,2026-08-04,cve_2022_and_before,2026-08-04T09:36:43+00:00
CVE-2021-47611,updated,2026-08-04,cve_2022_and_before,2026-08-04T09:36:43+00:00
CVE-2021-47613,updated,2026-08-04,cve_2022_and_before,2026-08-04T09:36:43+00:00
CVE-2021-47614,updated,2026-08-04,cve_2022_and_before,2026-08-04T09:36:43+00:00
CVE-2021-47616,updated,2026-08-04,cve_2022_and_before,2026-08-04T09:36:43+00:00
CVE-2021-47620,updated,2026-08-04,cve_2022_and_before,2026-08-04T09:36:43+00:00
CVE-2021-47635,updated,2026-08-04,cve_2022_and_before,2026-08-04T09:36:43+00:00
CVE-2021-47636,updated,2026-08-04,cve_2022_and_before,2026-08-04T09:36:43+00:00
CVE-2021-47638,updated,2026-08-04,cve_2022_and_before,2026-08-04T09:36:43+00:00
CVE-2021-47639,updated,2026-08-04,cve_2022_and_before,2026-08-04T09:36:43+00:00
CVE-2021-47646,updated,2026-08-04,cve_2022_and_before,2026-08-04T09:36:43+00:00
CVE-2021-47656,updated,2026-08-04,cve_2022_and_before,2026-08-04T09:36:43+00:00
CVE-2021-47668,updated,2026-08-04,cve_2022_and_before,2026-08-04T09:36:43+00:00
CVE-2021-47669,updated,2026-08-04,cve_2022_and_before,2026-08-04T09:36:43+00:00
CVE-2021-47670,updated,2026-08-04,cve_2022_and_before,2026-08-04T09:36:43+00:00
CVE-2022-2294,updated,2026-08-04,cve_2022_and_before,2026-08-04T09:36:43+00:00
CVE-2022-21546,updated,2026-08-04,cve_2022_and_before,2026-08-04T09:36:43+00:00
CVE-2022-27924,updated,2026-08-04,cve_2022_and_before,2026-08-04T09:36:43+00:00
CVE-2022-27925,updated,2026-08-04,cve_2022_and_before,2026-08-04T09:36:43+00:00
CVE-2022-30190,updated,2026-08-04,cve_2022_and_before,2026-08-04T09:36:43+00:00
CVE-2022-30333,updated,2026-08-04,cve_2022_and_before,2026-08-04T09:36:43+00:00
CVE-2022-37042,updated,2026-08-04,cve_2022_and_before,2026-08-04T09:36:43+00:00
CVE-2022-48629,updated,2026-08-04,cve_2022_and_before,2026-08-04T09:36:43+00:00
CVE-2022-48632,updated,2026-08-04,cve_2022_and_before,2026-08-04T09:36:43+00:00
CVE-2022-48636,updated,2026-08-04,cve_2022_and_before,2026-08-04T09:36:43+00:00
CVE-2022-48637,updated,2026-08-04,cve_2022_and_before,2026-08-04T09:36:43+00:00
CVE-2022-48652,updated,2026-08-04,cve_2022_and_before,2026-08-04T09:36:43+00:00
CVE-2022-48654,updated,2026-08-04,cve_2022_and_before,2026-08-04T09:36:43+00:00
CVE-2022-48658,updated,2026-08-04,cve_2022_and_before,2026-08-04T09:36:43+00:00
CVE-2022-48665,updated,2026-08-04,cve_2022_and_before,2026-08-04T09:36:43+00:00
CVE-2022-48666,updated,2026-08-04,cve_2022_and_before,2026-08-04T09:36:43+00:00
CVE-2022-48673,updated,2026-08-04,cve_2022_and_before,2026-08-04T09:36:43+00:00
CVE-2022-48674,updated,2026-08-04,cve_2022_and_before,2026-08-04T09:36:43+00:00
CVE-2022-48686,updated,2026-08-04,cve_2022_and_before,2026-08-04T09:36:43+00:00
CVE-2022-48692,updated,2026-08-04,cve_2022_and_before,2026-08-04T09:36:43+00:00
CVE-2022-48694,updated,2026-08-04,cve_2022_and_before,2026-08-04T09:36:43+00:00
CVE-2022-48695,updated,2026-08-04,cve_2022_and_before,2026-08-04T09:36:43+00:00
CVE-2022-48696,updated,2026-08-04,cve_2022_and_before,2026-08-04T09:36:43+00:00
CVE-2022-48697,updated,2026-08-04,cve_2022_and_before,2026-08-04T09:36:43+00:00
CVE-2022-48702,updated,2026-08-04,cve_2022_and_before,2026-08-04T09:36:43+00:00
CVE-2022-48711,updated,2026-08-04,cve_2022_and_before,2026-08-04T09:36:43+00:00
CVE-2022-48716,updated,2026-08-04,cve_2022_and_before,2026-08-04T09:36:43+00:00
CVE-2022-48717,updated,2026-08-04,cve_2022_and_before,2026-08-04T09:36:43+00:00
CVE-2022-48720,updated,2026-08-04,cve_2022_and_before,2026-08-04T09:36:43+00:00
CVE-2022-48721,updated,2026-08-04,cve_2022_and_before,2026-08-04T09:36:43+00:00
CVE-2022-48726,updated,2026-08-04,cve_2022_and_before,2026-08-04T09:36:43+00:00
CVE-2022-48727,updated,2026-08-04,cve_2022_and_before,2026-08-04T09:36:43+00:00
CVE-2022-48729,updated,2026-08-04,cve_2022_and_before,2026-08-04T09:36:43+00:00
CVE-2022-48733,updated,2026-08-04,cve_2022_and_before,2026-08-04T09:36:43+00:00
CVE-2022-48735,updated,2026-08-04,cve_2022_and_before,2026-08-04T09:36:43+00:00
CVE-2022-48739,updated,2026-08-04,cve_2022_and_before,2026-08-04T09:36:43+00:00
CVE-2022-48742,updated,2026-08-04,cve_2022_and_before,2026-08-04T09:36:43+00:00
CVE-2022-48743,updated,2026-08-04,cve_2022_and_before,2026-08-04T09:36:43+00:00
CVE-2022-48744,updated,2026-08-04,cve_2022_and_before,2026-08-04T09:36:43+00:00
CVE-2022-48751,updated,2026-08-04,cve_2022_and_before,2026-08-04T09:36:43+00:00
CVE-2022-48754,updated,2026-08-04,cve_2022_and_before,2026-08-04T09:36:43+00:00
CVE-2022-48759,updated,2026-08-04,cve_2022_and_before,2026-08-04T09:36:43+00:00
CVE-2022-48762,updated,2026-08-04,cve_2022_and_before,2026-08-04T09:36:43+00:00
CVE-2022-48771,updated,2026-08-04,cve_2022_and_before,2026-08-04T09:36:43+00:00
CVE-2022-48779,updated,2026-08-04,cve_2022_and_before,2026-08-04T09:36:43+00:00
CVE-2022-48782,updated,2026-08-04,cve_2022_and_before,2026-08-04T09:36:43+00:00
CVE-2022-48785,updated,2026-08-04,cve_2022_and_before,2026-08-04T09:36:43+00:00
CVE-2022-48786,updated,2026-08-04,cve_2022_and_before,2026-08-04T09:36:43+00:00
CVE-2022-48787,updated,2026-08-04,cve_2022_and_before,2026-08-04T09:36:43+00:00
CVE-2022-48788,updated,2026-08-04,cve_2022_and_before,2026-08-04T09:36:43+00:00
CVE-2022-48789,updated,2026-08-04,cve_2022_and_before,2026-08-04T09:36:43+00:00
CVE-2022-48790,updated,2026-08-04,cve_2022_and_before,2026-08-04T09:36:43+00:00
CVE-2022-48791,updated,2026-08-04,cve_2022_and_before,2026-08-04T09:36:43+00:00
CVE-2022-48792,updated,2026-08-04,cve_2022_and_before,2026-08-04T09:36:43+00:00
CVE-2022-48796,updated,2026-08-04,cve_2022_and_before,2026-08-04T09:36:43+00:00
CVE-2022-48797,updated,2026-08-04,cve_2022_and_before,2026-08-04T09:36:43+00:00
CVE-2022-48801,updated,2026-08-04,cve_2022_and_before,2026-08-04T09:36:43+00:00
CVE-2022-48803,updated,2026-08-04,cve_2022_and_before,2026-08-04T09:36:43+00:00
CVE-2022-48816,updated,2026-08-04,cve_2022_and_before,2026-08-04T09:36:43+00:00
CVE-2022-48821,updated,2026-08-04,cve_2022_and_before,2026-08-04T09:36:43+00:00
CVE-2022-48822,updated,2026-08-04,cve_2022_and_before,2026-08-04T09:36:43+00:00
CVE-2022-48827,updated,2026-08-04,cve_2022_and_before,2026-08-04T09:36:43+00:00
CVE-2022-48828,updated,2026-08-04,cve_2022_and_before,2026-08-04T09:36:43+00:00
CVE-2022-48829,updated,2026-08-04,cve_2022_and_before,2026-08-04T09:36:43+00:00
CVE-2022-48830,updated,2026-08-04,cve_2022_and_before,2026-08-04T09:36:43+00:00
CVE-2022-48839,updated,2026-08-04,cve_2022_and_before,2026-08-04T09:36:43+00:00
CVE-2022-48847,updated,2026-08-04,cve_2022_and_before,2026-08-04T09:36:43+00:00
CVE-2022-48851,updated,2026-08-04,cve_2022_and_before,2026-08-04T09:36:43+00:00
CVE-2022-48858,updated,2026-08-04,cve_2022_and_before,2026-08-04T09:36:43+00:00
CVE-2022-48864,updated,2026-08-04,cve_2022_and_before,2026-08-04T09:36:43+00:00
CVE-2022-48871,updated,2026-08-04,cve_2022_and_before,2026-08-04T09:36:43+00:00
CVE-2022-48872,updated,2026-08-04,cve_2022_and_before,2026-08-04T09:36:43+00:00
CVE-2022-48873,updated,2026-08-04,cve_2022_and_before,2026-08-04T09:36:43+00:00
CVE-2022-48874,updated,2026-08-04,cve_2022_and_before,2026-08-04T09:36:43+00:00
CVE-2022-48878,updated,2026-08-04,cve_2022_and_before,2026-08-04T09:36:43+00:00
CVE-2022-48883,updated,2026-08-04,cve_2022_and_before,2026-08-04T09:36:43+00:00
CVE-2022-48887,updated,2026-08-04,cve_2022_and_before,2026-08-04T09:36:43+00:00
CVE-2022-48892,updated,2026-08-04,cve_2022_and_before,2026-08-04T09:36:43+00:00
CVE-2022-48899,updated,2026-08-04,cve_2022_and_before,2026-08-04T09:36:43+00:00
CVE-2022-48911,updated,2026-08-04,cve_2022_and_before,2026-08-04T09:36:43+00:00
CVE-2022-48912,updated,2026-08-04,cve_2022_and_before,2026-08-04T09:36:43+00:00
CVE-2022-48913,updated,2026-08-04,cve_2022_and_before,2026-08-04T09:36:43+00:00
CVE-2022-48919,updated,2026-08-04,cve_2022_and_before,2026-08-04T09:36:43+00:00
CVE-2022-48923,updated,2026-08-04,cve_2022_and_before,2026-08-04T09:36:43+00:00
CVE-2022-48925,updated,2026-08-04,cve_2022_and_before,2026-08-04T09:36:43+00:00
CVE-2022-48927,updated,2026-08-04,cve_2022_and_before,2026-08-04T09:36:43+00:00
CVE-2022-48932,updated,2026-08-04,cve_2022_and_before,2026-08-04T09:36:43+00:00
CVE-2022-48935,updated,2026-08-04,cve_2022_and_before,2026-08-04T09:36:43+00:00
CVE-2022-48940,updated,2026-08-04,cve_2022_and_before,2026-08-04T09:36:43+00:00
CVE-2022-48941,updated,2026-08-04,cve_2022_and_before,2026-08-04T09:36:43+00:00
CVE-2022-48943,updated,2026-08-04,cve_2022_and_before,2026-08-04T09:36:43+00:00
CVE-2022-48945,updated,2026-08-04,cve_2022_and_before,2026-08-04T09:36:43+00:00
CVE-2022-48950,updated,2026-08-04,cve_2022_and_before,2026-08-04T09:36:43+00:00
CVE-2022-48954,updated,2026-08-04,cve_2022_and_before,2026-08-04T09:36:43+00:00
CVE-2022-48956,updated,2026-08-04,cve_2022_and_before,2026-08-04T09:36:43+00:00
CVE-2022-48960,updated,2026-08-04,cve_2022_and_before,2026-08-04T09:36:43+00:00
CVE-2022-48962,updated,2026-08-04,cve_2022_and_before,2026-08-04T09:36:43+00:00
CVE-2022-48964,updated,2026-08-04,cve_2022_and_before,2026-08-04T09:36:43+00:00
CVE-2022-48967,updated,2026-08-04,cve_2022_and_before,2026-08-04T09:36:43+00:00
CVE-2022-48979,updated,2026-08-04,cve_2022_and_before,2026-08-04T09:36:43+00:00
CVE-2022-48981,updated,2026-08-04,cve_2022_and_before,2026-08-04T09:36:43+00:00
CVE-2022-48985,updated,2026-08-04,cve_2022_and_before,2026-08-04T09:36:43+00:00
CVE-2022-48986,updated,2026-08-04,cve_2022_and_before,2026-08-04T09:36:43+00:00
CVE-2022-48988,updated,2026-08-04,cve_2022_and_before,2026-08-04T09:36:43+00:00
CVE-2022-48989,updated,2026-08-04,cve_2022_and_before,2026-08-04T09:36:43+00:00
CVE-2022-48990,updated,2026-08-04,cve_2022_and_before,2026-08-04T09:36:43+00:00
CVE-2022-48991,updated,2026-08-04,cve_2022_and_before,2026-08-04T09:36:43+00:00
CVE-2022-48998,updated,2026-08-04,cve_2022_and_before,2026-08-04T09:36:43+00:00
CVE-2022-48999,updated,2026-08-04,cve_2022_and_before,2026-08-04T09:36:43+00:00
CVE-2022-49001,updated,2026-08-04,cve_2022_and_before,2026-08-04T09:36:43+00:00
CVE-2022-49003,updated,2026-08-04,cve_2022_and_before,2026-08-04T09:36:43+00:00
CVE-2022-49014,updated,2026-08-04,cve_2022_and_before,2026-08-04T09:36:43+00:00
CVE-2022-49015,updated,2026-08-04,cve_2022_and_before,2026-08-04T09:36:43+00:00
CVE-2022-49017,updated,2026-08-04,cve_2022_and_before,2026-08-04T09:36:43+00:00
CVE-2022-49022,updated,2026-08-04,cve_2022_and_before,2026-08-04T09:36:43+00:00
CVE-2022-49023,updated,2026-08-04,cve_2022_and_before,2026-08-04T09:36:43+00:00
CVE-2022-49025,updated,2026-08-04,cve_2022_and_before,2026-08-04T09:36:43+00:00
CVE-2022-49026,updated,2026-08-04,cve_2022_and_before,2026-08-04T09:36:43+00:00
CVE-2022-49029,updated,2026-08-04,cve_2022_and_before,2026-08-04T09:36:43+00:00
CVE-2022-49030,updated,2026-08-04,cve_2022_and_before,2026-08-04T09:36:43+00:00
CVE-2022-49048,updated,2026-08-04,cve_2022_and_before,2026-08-04T09:36:43+00:00
CVE-2022-49052,updated,2026-08-04,cve_2022_and_before,2026-08-04T09:36:43+00:00
CVE-2022-49053,updated,2026-08-04,cve_2022_and_before,2026-08-04T09:36:43+00:00
CVE-2022-49054,updated,2026-08-04,cve_2022_and_before,2026-08-04T09:36:43+00:00
CVE-2022-49058,updated,2026-08-04,cve_2022_and_before,2026-08-04T09:36:43+00:00
CVE-2022-49062,updated,2026-08-04,cve_2022_and_before,2026-08-04T09:36:43+00:00
CVE-2022-49065,updated,2026-08-04,cve_2022_and_before,2026-08-04T09:36:43+00:00
CVE-2022-49073,updated,2026-08-04,cve_2022_and_before,2026-08-04T09:36:43+00:00
CVE-2022-49075,updated,2026-08-04,cve_2022_and_before,2026-08-04T09:36:43+00:00
CVE-2022-49076,updated,2026-08-04,cve_2022_and_before,2026-08-04T09:36:43+00:00
CVE-2022-49078,updated,2026-08-04,cve_2022_and_before,2026-08-04T09:36:43+00:00
CVE-2022-49084,updated,2026-08-04,cve_2022_and_before,2026-08-04T09:36:43+00:00
CVE-2022-49085,updated,2026-08-04,cve_2022_and_before,2026-08-04T09:36:43+00:00
CVE-2022-49087,updated,2026-08-04,cve_2022_and_before,2026-08-04T09:36:43+00:00
CVE-2022-49089,updated,2026-08-04,cve_2022_and_before,2026-08-04T09:36:43+00:00
CVE-2022-49092,updated,2026-08-04,cve_2022_and_before,2026-08-04T09:36:43+00:00
CVE-2022-49093,updated,2026-08-04,cve_2022_and_before,2026-08-04T09:36:43+00:00
CVE-2022-49094,updated,2026-08-04,cve_2022_and_before,2026-08-04T09:36:43+00:00
CVE-2022-49096,updated,2026-08-04,cve_2022_and_before,2026-08-04T09:36:43+00:00
CVE-2022-49110,updated,2026-08-04,cve_2022_and_before,2026-08-04T09:36:43+00:00
CVE-2022-49111,updated,2026-08-04,cve_2022_and_before,2026-08-04T09:36:43+00:00
CVE-2022-49114,updated,2026-08-04,cve_2022_and_before,2026-08-04T09:36:43+00:00
CVE-2022-49127,updated,2026-08-04,cve_2022_and_before,2026-08-04T09:36:43+00:00
CVE-2022-49129,updated,2026-08-04,cve_2022_and_before,2026-08-04T09:36:43+00:00
CVE-2022-49136,updated,2026-08-04,cve_2022_and_before,2026-08-04T09:36:43+00:00
CVE-2022-49138,updated,2026-08-04,cve_2022_and_before,2026-08-04T09:36:43+00:00
CVE-2022-49142,updated,2026-08-04,cve_2022_and_before,2026-08-04T09:36:43+00:00
CVE-2022-49149,updated,2026-08-04,cve_2022_and_before,2026-08-04T09:36:43+00:00
CVE-2022-49154,updated,2026-08-04,cve_2022_and_before,2026-08-04T09:36:43+00:00
CVE-2022-49159,updated,2026-08-04,cve_2022_and_before,2026-08-04T09:36:43+00:00
CVE-2022-49160,updated,2026-08-04,cve_2022_and_before,2026-08-04T09:36:43+00:00
CVE-2022-49162,updated,2026-08-04,cve_2022_and_before,2026-08-04T09:36:43+00:00
CVE-2022-49163,updated,2026-08-04,cve_2022_and_before,2026-08-04T09:36:43+00:00
CVE-2022-49167,updated,2026-08-04,cve_2022_and_before,2026-08-04T09:36:43+00:00
CVE-2022-49168,updated,2026-08-04,cve_2022_and_before,2026-08-04T09:36:43+00:00
CVE-2022-49170,updated,2026-08-04,cve_2022_and_before,2026-08-04T09:36:43+00:00
CVE-2022-49172,updated,2026-08-04,cve_2022_and_before,2026-08-04T09:36:43+00:00
CVE-2022-49174,updated,2026-08-04,cve_2022_and_before,2026-08-04T09:36:43+00:00
CVE-2022-49176,updated,2026-08-04,cve_2022_and_before,2026-08-04T09:36:43+00:00
CVE-2022-49178,updated,2026-08-04,cve_2022_and_before,2026-08-04T09:36:43+00:00
CVE-2022-49179,updated,2026-08-04,cve_2022_and_before,2026-08-04T09:36:43+00:00
CVE-2022-49182,updated,2026-08-04,cve_2022_and_before,2026-08-04T09:36:43+00:00
CVE-2022-49194,updated,2026-08-04,cve_2022_and_before,2026-08-04T09:36:43+00:00
CVE-2022-49201,updated,2026-08-04,cve_2022_and_before,2026-08-04T09:36:43+00:00
CVE-2022-49203,updated,2026-08-04,cve_2022_and_before,2026-08-04T09:36:43+00:00
CVE-2022-49215,updated,2026-08-04,cve_2022_and_before,2026-08-04T09:36:43+00:00
CVE-2022-49231,updated,2026-08-04,cve_2022_and_before,2026-08-04T09:36:43+00:00
CVE-2022-49234,updated,2026-08-04,cve_2022_and_before,2026-08-04T09:36:43+00:00
CVE-2022-49238,updated,2026-08-04,cve_2022_and_before,2026-08-04T09:36:43+00:00
CVE-2022-49260,updated,2026-08-04,cve_2022_and_before,2026-08-04T09:36:43+00:00
CVE-2022-49261,updated,2026-08-04,cve_2022_and_before,2026-08-04T09:36:43+00:00
CVE-2022-49264,updated,2026-08-04,cve_2022_and_before,2026-08-04T09:36:43+00:00
CVE-2022-49274,updated,2026-08-04,cve_2022_and_before,2026-08-04T09:36:43+00:00
CVE-2022-49275,updated,2026-08-04,cve_2022_and_before,2026-08-04T09:36:43+00:00
CVE-2022-49279,updated,2026-08-04,cve_2022_and_before,2026-08-04T09:36:43+00:00
CVE-2022-49280,updated,2026-08-04,cve_2022_and_before,2026-08-04T09:36:43+00:00
CVE-2022-49287,updated,2026-08-04,cve_2022_and_before,2026-08-04T09:36:43+00:00
CVE-2022-49289,updated,2026-08-04,cve_2022_and_before,2026-08-04T09:36:43+00:00
CVE-2022-49290,updated,2026-08-04,cve_2022_and_before,2026-08-04T09:36:43+00:00
CVE-2022-49291,updated,2026-08-04,cve_2022_and_before,2026-08-04T09:36:43+00:00
CVE-2022-49292,updated,2026-08-04,cve_2022_and_before,2026-08-04T09:36:43+00:00
CVE-2022-49295,updated,2026-08-04,cve_2022_and_before,2026-08-04T09:36:43+00:00
CVE-2022-49321,updated,2026-08-04,cve_2022_and_before,2026-08-04T09:36:43+00:00
CVE-2022-49325,updated,2026-08-04,cve_2022_and_before,2026-08-04T09:36:43+00:00
CVE-2022-49328,updated,2026-08-04,cve_2022_and_before,2026-08-04T09:36:43+00:00
CVE-2022-49330,updated,2026-08-04,cve_2022_and_before,2026-08-04T09:36:43+00:00
CVE-2022-49336,updated,2026-08-04,cve_2022_and_before,2026-08-04T09:36:43+00:00
CVE-2022-49337,updated,2026-08-04,cve_2022_and_before,2026-08-04T09:36:43+00:00
CVE-2022-49340,updated,2026-08-04,cve_2022_and_before,2026-08-04T09:36:43+00:00
CVE-2022-49343,updated,2026-08-04,cve_2022_and_before,2026-08-04T09:36:43+00:00
CVE-2022-49349,updated,2026-08-04,cve_2022_and_before,2026-08-04T09:36:43+00:00
CVE-2022-49356,updated,2026-08-04,cve_2022_and_before,2026-08-04T09:36:43+00:00
CVE-2022-49359,updated,2026-08-04,cve_2022_and_before,2026-08-04T09:36:43+00:00
CVE-2022-49362,updated,2026-08-04,cve_2022_and_before,2026-08-04T09:36:43+00:00
CVE-2022-49363,updated,2026-08-04,cve_2022_and_before,2026-08-04T09:36:43+00:00
CVE-2022-49368,updated,2026-08-04,cve_2022_and_before,2026-08-04T09:36:43+00:00
CVE-2022-49377,updated,2026-08-04,cve_2022_and_before,2026-08-04T09:36:43+00:00
CVE-2022-49385,updated,2026-08-04,cve_2022_and_before,2026-08-04T09:36:43+00:00
CVE-2022-49390,updated,2026-08-04,cve_2022_and_before,2026-08-04T09:36:43+00:00
CVE-2022-49393,updated,2026-08-04,cve_2022_and_before,2026-08-04T09:36:43+00:00
CVE-2022-49405,updated,2026-08-04,cve_2022_and_before,2026-08-04T09:36:43+00:00
CVE-2022-49407,updated,2026-08-04,cve_2022_and_before,2026-08-04T09:36:43+00:00
CVE-2022-49410,updated,2026-08-04,cve_2022_and_before,2026-08-04T09:36:43+00:00
CVE-2022-49411,updated,2026-08-04,cve_2022_and_before,2026-08-04T09:36:43+00:00
CVE-2022-49412,updated,2026-08-04,cve_2022_and_before,2026-08-04T09:36:43+00:00
CVE-2022-49413,updated,2026-08-04,cve_2022_and_before,2026-08-04T09:36:43+00:00
CVE-2022-49416,updated,2026-08-04,cve_2022_and_before,2026-08-04T09:36:43+00:00
CVE-2022-49418,updated,2026-08-04,cve_2022_and_before,2026-08-04T09:36:43+00:00
CVE-2022-49425,updated,2026-08-04,cve_2022_and_before,2026-08-04T09:36:43+00:00
CVE-2022-49426,updated,2026-08-04,cve_2022_and_before,2026-08-04T09:36:43+00:00
CVE-2022-49451,updated,2026-08-04,cve_2022_and_before,2026-08-04T09:36:43+00:00
CVE-2022-49452,updated,2026-08-04,cve_2022_and_before,2026-08-04T09:36:43+00:00
CVE-2022-49456,updated,2026-08-04,cve_2022_and_before,2026-08-04T09:36:43+00:00
CVE-2022-49464,updated,2026-08-04,cve_2022_and_before,2026-08-04T09:36:43+00:00
CVE-2022-49465,updated,2026-08-04,cve_2022_and_before,2026-08-04T09:36:43+00:00
CVE-2022-49470,updated,2026-08-04,cve_2022_and_before,2026-08-04T09:36:43+00:00
CVE-2022-49471,updated,2026-08-04,cve_2022_and_before,2026-08-04T09:36:43+00:00
CVE-2022-49474,updated,2026-08-04,cve_2022_and_before,2026-08-04T09:36:43+00:00
CVE-2022-49479,updated,2026-08-04,cve_2022_and_before,2026-08-04T09:36:43+00:00
CVE-2022-49500,updated,2026-08-04,cve_2022_and_before,2026-08-04T09:36:43+00:00
CVE-2022-49505,updated,2026-08-04,cve_2022_and_before,2026-08-04T09:36:43+00:00
CVE-2022-49511,updated,2026-08-04,cve_2022_and_before,2026-08-04T09:36:43+00:00
CVE-2022-49519,updated,2026-08-04,cve_2022_and_before,2026-08-04T09:36:43+00:00
CVE-2022-49530,updated,2026-08-04,cve_2022_and_before,2026-08-04T09:36:43+00:00
CVE-2022-49531,updated,2026-08-04,cve_2022_and_before,2026-08-04T09:36:43+00:00
CVE-2022-49533,updated,2026-08-04,cve_2022_and_before,2026-08-04T09:36:43+00:00
CVE-2022-49535,updated,2026-08-04,cve_2022_and_before,2026-08-04T09:36:43+00:00
CVE-2022-49541,updated,2026-08-04,cve_2022_and_before,2026-08-04T09:36:43+00:00
CVE-2022-49545,updated,2026-08-04,cve_2022_and_before,2026-08-04T09:36:43+00:00
CVE-2022-49553,updated,2026-08-04,cve_2022_and_before,2026-08-04T09:36:43+00:00
CVE-2022-49554,updated,2026-08-04,cve_2022_and_before,2026-08-04T09:36:43+00:00
CVE-2022-49555,updated,2026-08-04,cve_2022_and_before,2026-08-04T09:36:43+00:00
CVE-2022-49557,updated,2026-08-04,cve_2022_and_before,2026-08-04T09:36:43+00:00
CVE-2022-49560,updated,2026-08-04,cve_2022_and_before,2026-08-04T09:36:43+00:00
CVE-2022-49561,updated,2026-08-04,cve_2022_and_before,2026-08-04T09:36:43+00:00
CVE-2022-49562,updated,2026-08-04,cve_2022_and_before,2026-08-04T09:36:43+00:00
CVE-2022-49563,updated,2026-08-04,cve_2022_and_before,2026-08-04T09:36:43+00:00
CVE-2022-49564,updated,2026-08-04,cve_2022_and_before,2026-08-04T09:36:43+00:00
CVE-2022-49581,updated,2026-08-04,cve_2022_and_before,2026-08-04T09:36:43+00:00
CVE-2022-49622,updated,2026-08-04,cve_2022_and_before,2026-08-04T09:36:43+00:00
CVE-2022-49643,updated,2026-08-04,cve_2022_and_before,2026-08-04T09:36:43+00:00
CVE-2022-49645,updated,2026-08-04,cve_2022_and_before,2026-08-04T09:36:43+00:00
CVE-2022-49647,updated,2026-08-04,cve_2022_and_before,2026-08-04T09:36:43+00:00
CVE-2022-49651,updated,2026-08-04,cve_2022_and_before,2026-08-04T09:36:43+00:00
CVE-2022-49664,updated,2026-08-04,cve_2022_and_before,2026-08-04T09:36:43+00:00
CVE-2022-49667,updated,2026-08-04,cve_2022_and_before,2026-08-04T09:36:43+00:00
CVE-2022-49669,updated,2026-08-04,cve_2022_and_before,2026-08-04T09:36:43+00:00
CVE-2022-49670,updated,2026-08-04,cve_2022_and_before,2026-08-04T09:36:43+00:00
CVE-2022-49672,updated,2026-08-04,cve_2022_and_before,2026-08-04T09:36:43+00:00
CVE-2022-49695,updated,2026-08-04,cve_2022_and_before,2026-08-04T09:36:43+00:00
CVE-2022-49696,updated,2026-08-04,cve_2022_and_before,2026-08-04T09:36:43+00:00
CVE-2022-49700,updated,2026-08-04,cve_2022_and_before,2026-08-04T09:36:43+00:00
CVE-2022-49701,updated,2026-08-04,cve_2022_and_before,2026-08-04T09:36:43+00:00
CVE-2022-49722,updated,2026-08-04,cve_2022_and_before,2026-08-04T09:36:43+00:00
CVE-2022-49725,updated,2026-08-04,cve_2022_and_before,2026-08-04T09:36:43+00:00
CVE-2022-49733,updated,2026-08-04,cve_2022_and_before,2026-08-04T09:36:43+00:00
CVE-2022-49738,updated,2026-08-04,cve_2022_and_before,2026-08-04T09:36:43+00:00
CVE-2022-49739,updated,2026-08-04,cve_2022_and_before,2026-08-04T09:36:43+00:00
CVE-2022-49743,updated,2026-08-04,cve_2022_and_before,2026-08-04T09:36:43+00:00
CVE-2022-49755,updated,2026-08-04,cve_2022_and_before,2026-08-04T09:36:43+00:00
CVE-2022-49760,updated,2026-08-04,cve_2022_and_before,2026-08-04T09:36:43+00:00
CVE-2022-49763,updated,2026-08-04,cve_2022_and_before,2026-08-04T09:36:43+00:00
CVE-2022-49768,updated,2026-08-04,cve_2022_and_before,2026-08-04T09:36:43+00:00
CVE-2022-49770,updated,2026-08-04,cve_2022_and_before,2026-08-04T09:36:43+00:00
CVE-2022-49775,updated,2026-08-04,cve_2022_and_before,2026-08-04T09:36:43+00:00
CVE-2022-49789,updated,2026-08-04,cve_2022_and_before,2026-08-04T09:36:43+00:00
CVE-2022-49792,updated,2026-08-04,cve_2022_and_before,2026-08-04T09:36:43+00:00
CVE-2022-49804,updated,2026-08-04,cve_2022_and_before,2026-08-04T09:36:43+00:00
CVE-2022-49814,updated,2026-08-04,cve_2022_and_before,2026-08-04T09:36:43+00:00
CVE-2022-49826,updated,2026-08-04,cve_2022_and_before,2026-08-04T09:36:43+00:00
CVE-2022-49834,updated,2026-08-04,cve_2022_and_before,2026-08-04T09:36:43+00:00
CVE-2022-49844,updated,2026-08-04,cve_2022_and_before,2026-08-04T09:36:43+00:00
CVE-2022-49846,updated,2026-08-04,cve_2022_and_before,2026-08-04T09:36:43+00:00
CVE-2022-49858,updated,2026-08-04,cve_2022_and_before,2026-08-04T09:36:43+00:00
CVE-2022-49872,updated,2026-08-04,cve_2022_and_before,2026-08-04T09:36:43+00:00
CVE-2022-49882,updated,2026-08-04,cve_2022_and_before,2026-08-04T09:36:43+00:00
CVE-2022-49883,updated,2026-08-04,cve_2022_and_before,2026-08-04T09:36:43+00:00
CVE-2022-49884,updated,2026-08-04,cve_2022_and_before,2026-08-04T09:36:43+00:00
CVE-2022-49886,updated,2026-08-04,cve_2022_and_before,2026-08-04T09:36:43+00:00
CVE-2022-49892,updated,2026-08-04,cve_2022_and_before,2026-08-04T09:36:43+00:00
CVE-2022-49898,updated,2026-08-04,cve_2022_and_before,2026-08-04T09:36:43+00:00
CVE-2022-49899,updated,2026-08-04,cve_2022_and_before,2026-08-04T09:36:43+00:00
CVE-2022-49905,updated,2026-08-04,cve_2022_and_before,2026-08-04T09:36:43+00:00
CVE-2022-49910,updated,2026-08-04,cve_2022_and_before,2026-08-04T09:36:43+00:00
CVE-2022-49919,updated,2026-08-04,cve_2022_and_before,2026-08-04T09:36:43+00:00
CVE-2022-49920,updated,2026-08-04,cve_2022_and_before,2026-08-04T09:36:43+00:00
CVE-2022-49921,updated,2026-08-04,cve_2022_and_before,2026-08-04T09:36:43+00:00
CVE-2022-49928,updated,2026-08-04,cve_2022_and_before,2026-08-04T09:36:43+00:00
CVE-2022-49931,updated,2026-08-04,cve_2022_and_before,2026-08-04T09:36:43+00:00
CVE-2022-49934,updated,2026-08-04,cve_2022_and_before,2026-08-04T09:36:43+00:00
CVE-2022-49935,updated,2026-08-04,cve_2022_and_before,2026-08-04T09:36:43+00:00
CVE-2022-49939,updated,2026-08-04,cve_2022_and_before,2026-08-04T09:36:43+00:00
CVE-2022-49944,updated,2026-08-04,cve_2022_and_before,2026-08-04T09:36:43+00:00
CVE-2022-49948,updated,2026-08-04,cve_2022_and_before,2026-08-04T09:36:43+00:00
CVE-2022-49950,updated,2026-08-04,cve_2022_and_before,2026-08-04T09:36:43+00:00
CVE-2022-49952,updated,2026-08-04,cve_2022_and_before,2026-08-04T09:36:43+00:00
CVE-2022-49956,updated,2026-08-04,cve_2022_and_before,2026-08-04T09:36:43+00:00
CVE-2022-49963,updated,2026-08-04,cve_2022_and_before,2026-08-04T09:36:43+00:00
CVE-2022-49968,updated,2026-08-04,cve_2022_and_before,2026-08-04T09:36:43+00:00
CVE-2022-49972,updated,2026-08-04,cve_2022_and_before,2026-08-04T09:36:43+00:00
CVE-2022-49974,updated,2026-08-04,cve_2022_and_before,2026-08-04T09:36:43+00:00
CVE-2022-49977,updated,2026-08-04,cve_2022_and_before,2026-08-04T09:36:43+00:00
CVE-2022-49979,updated,2026-08-04,cve_2022_and_before,2026-08-04T09:36:43+00:00
CVE-2022-49985,updated,2026-08-04,cve_2022_and_before,2026-08-04T09:36:43+00:00
CVE-2022-49990,updated,2026-08-04,cve_2022_and_before,2026-08-04T09:36:43+00:00
CVE-2022-49991,updated,2026-08-04,cve_2022_and_before,2026-08-04T09:36:43+00:00
CVE-2022-49995,updated,2026-08-04,cve_2022_and_before,2026-08-04T09:36:43+00:00
CVE-2022-49997,updated,2026-08-04,cve_2022_and_before,2026-08-04T09:36:43+00:00
CVE-2022-49998,updated,2026-08-04,cve_2022_and_before,2026-08-04T09:36:43+00:00
CVE-2022-49999,updated,2026-08-04,cve_2022_and_before,2026-08-04T09:36:43+00:00
CVE-2022-50000,updated,2026-08-04,cve_2022_and_before,2026-08-04T09:36:43+00:00
CVE-2022-50014,updated,2026-08-04,cve_2022_and_before,2026-08-04T09:36:43+00:00
CVE-2022-50022,updated,2026-08-04,cve_2022_and_before,2026-08-04T09:36:43+00:00
CVE-2022-50028,updated,2026-08-04,cve_2022_and_before,2026-08-04T09:36:43+00:00
CVE-2022-50035,updated,2026-08-04,cve_2022_and_before,2026-08-04T09:36:43+00:00
CVE-2022-50048,updated,2026-08-04,cve_2022_and_before,2026-08-04T09:36:43+00:00
CVE-2022-50059,updated,2026-08-04,cve_2022_and_before,2026-08-04T09:36:43+00:00
CVE-2022-50062,updated,2026-08-04,cve_2022_and_before,2026-08-04T09:36:43+00:00
CVE-2022-50064,updated,2026-08-04,cve_2022_and_before,2026-08-04T09:36:43+00:00
CVE-2022-50070,updated,2026-08-04,cve_2022_and_before,2026-08-04T09:36:43+00:00
CVE-2022-50072,updated,2026-08-04,cve_2022_and_before,2026-08-04T09:36:43+00:00
CVE-2022-50079,updated,2026-08-04,cve_2022_and_before,2026-08-04T09:36:43+00:00
CVE-2022-50087,updated,2026-08-04,cve_2022_and_before,2026-08-04T09:36:43+00:00
CVE-2022-50095,updated,2026-08-04,cve_2022_and_before,2026-08-04T09:36:43+00:00
CVE-2022-50097,updated,2026-08-04,cve_2022_and_before,2026-08-04T09:36:43+00:00
CVE-2022-50098,updated,2026-08-04,cve_2022_and_before,2026-08-04T09:36:43+00:00
CVE-2022-50099,updated,2026-08-04,cve_2022_and_before,2026-08-04T09:36:43+00:00
CVE-2022-50101,updated,2026-08-04,cve_2022_and_before,2026-08-04T09:36:43+00:00
CVE-2022-50129,updated,2026-08-04,cve_2022_and_before,2026-08-04T09:36:43+00:00
CVE-2022-50131,updated,2026-08-04,cve_2022_and_before,2026-08-04T09:36:43+00:00
CVE-2022-50136,updated,2026-08-04,cve_2022_and_before,2026-08-04T09:36:43+00:00
CVE-2022-50137,updated,2026-08-04,cve_2022_and_before,2026-08-04T09:36:43+00:00
CVE-2022-50145,updated,2026-08-04,cve_2022_and_before,2026-08-04T09:36:43+00:00
CVE-2022-50156,updated,2026-08-04,cve_2022_and_before,2026-08-04T09:36:43+00:00
CVE-2022-50164,updated,2026-08-04,cve_2022_and_before,2026-08-04T09:36:43+00:00
CVE-2022-50167,updated,2026-08-04,cve_2022_and_before,2026-08-04T09:36:43+00:00
CVE-2022-50168,updated,2026-08-04,cve_2022_and_before,2026-08-04T09:36:43+00:00
CVE-2022-50171,updated,2026-08-04,cve_2022_and_before,2026-08-04T09:36:43+00:00
CVE-2022-50182,updated,2026-08-04,cve_2022_and_before,2026-08-04T09:36:43+00:00
CVE-2022-50200,updated,2026-08-04,cve_2022_and_before,2026-08-04T09:36:43+00:00
CVE-2022-50212,updated,2026-08-04,cve_2022_and_before,2026-08-04T09:36:43+00:00
CVE-2022-50213,updated,2026-08-04,cve_2022_and_before,2026-08-04T09:36:43+00:00
CVE-2022-50215,updated,2026-08-04,cve_2022_and_before,2026-08-04T09:36:43+00:00
CVE-2022-50219,updated,2026-08-04,cve_2022_and_before,2026-08-04T09:36:43+00:00
CVE-2022-50221,updated,2026-08-04,cve_2022_and_before,2026-08-04T09:36:43+00:00
CVE-2022-50227,updated,2026-08-04,cve_2022_and_before,2026-08-04T09:36:43+00:00
CVE-2022-50231,updated,2026-08-04,cve_2022_and_before,2026-08-04T09:36:43+00:00
CVE-2022-50233,updated,2026-08-04,cve_2022_and_before,2026-08-04T09:36:43+00:00
CVE-2022-50234,updated,2026-08-04,cve_2022_and_before,2026-08-04T09:36:43+00:00
CVE-2022-50235,updated,2026-08-04,cve_2022_and_before,2026-08-04T09:36:43+00:00
CVE-2022-50240,updated,2026-08-04,cve_2022_and_before,2026-08-04T09:36:43+00:00
CVE-2022-50241,updated,2026-08-04,cve_2022_and_before,2026-08-04T09:36:43+00:00
CVE-2022-50243,updated,2026-08-04,cve_2022_and_before,2026-08-04T09:36:43+00:00
CVE-2022-50248,updated,2026-08-04,cve_2022_and_before,2026-08-04T09:36:43+00:00
CVE-2022-50252,updated,2026-08-04,cve_2022_and_before,2026-08-04T09:36:43+00:00
CVE-2022-50255,updated,2026-08-04,cve_2022_and_before,2026-08-04T09:36:43+00:00
CVE-2022-50259,updated,2026-08-04,cve_2022_and_before,2026-08-04T09:36:43+00:00
CVE-2022-50270,updated,2026-08-04,cve_2022_and_before,2026-08-04T09:36:43+00:00
CVE-2022-50274,updated,2026-08-04,cve_2022_and_before,2026-08-04T09:36:43+00:00
CVE-2022-50283,updated,2026-08-04,cve_2022_and_before,2026-08-04T09:36:43+00:00
CVE-2022-50286,updated,2026-08-04,cve_2022_and_before,2026-08-04T09:36:43+00:00
CVE-2022-50300,updated,2026-08-04,cve_2022_and_before,2026-08-04T09:36:43+00:00
CVE-2022-50302,updated,2026-08-04,cve_2022_and_before,2026-08-04T09:36:43+00:00
CVE-2022-50303,updated,2026-08-04,cve_2022_and_before,2026-08-04T09:36:43+00:00
CVE-2022-50306,updated,2026-08-04,cve_2022_and_before,2026-08-04T09:36:43+00:00
CVE-2022-50310,updated,2026-08-04,cve_2022_and_before,2026-08-04T09:36:43+00:00
CVE-2022-50315,updated,2026-08-04,cve_2022_and_before,2026-08-04T09:36:43+00:00
CVE-2022-50325,updated,2026-08-04,cve_2022_and_before,2026-08-04T09:36:43+00:00
CVE-2022-50328,updated,2026-08-04,cve_2022_and_before,2026-08-04T09:36:43+00:00
CVE-2022-50329,updated,2026-08-04,cve_2022_and_before,2026-08-04T09:36:43+00:00
CVE-2022-50330,updated,2026-08-04,cve_2022_and_before,2026-08-04T09:36:43+00:00
CVE-2022-50333,updated,2026-08-04,cve_2022_and_before,2026-08-04T09:36:43+00:00
CVE-2022-50335,updated,2026-08-04,cve_2022_and_before,2026-08-04T09:36:43+00:00
CVE-2022-50339,updated,2026-08-04,cve_2022_and_before,2026-08-04T09:36:43+00:00
CVE-2022-50341,updated,2026-08-04,cve_2022_and_before,2026-08-04T09:36:43+00:00
CVE-2022-50350,updated,2026-08-04,cve_2022_and_before,2026-08-04T09:36:43+00:00
CVE-2022-50354,updated,2026-08-04,cve_2022_and_before,2026-08-04T09:36:43+00:00
CVE-2022-50355,updated,2026-08-04,cve_2022_and_before,2026-08-04T09:36:43+00:00
CVE-2022-50362,updated,2026-08-04,cve_2022_and_before,2026-08-04T09:36:43+00:00
CVE-2022-50363,updated,2026-08-04,cve_2022_and_before,2026-08-04T09:36:43+00:00
CVE-2022-50365,updated,2026-08-04,cve_2022_and_before,2026-08-04T09:36:43+00:00
CVE-2022-50367,updated,2026-08-04,cve_2022_and_before,2026-08-04T09:36:43+00:00
CVE-2022-50368,updated,2026-08-04,cve_2022_and_before,2026-08-04T09:36:43+00:00
CVE-2022-50373,updated,2026-08-04,cve_2022_and_before,2026-08-04T09:36:43+00:00
CVE-2022-50384,updated,2026-08-04,cve_2022_and_before,2026-08-04T09:36:43+00:00
CVE-2022-50386,updated,2026-08-04,cve_2022_and_before,2026-08-04T09:36:43+00:00
CVE-2022-50393,updated,2026-08-04,cve_2022_and_before,2026-08-04T09:36:43+00:00
CVE-2022-50394,updated,2026-08-04,cve_2022_and_before,2026-08-04T09:36:43+00:00
CVE-2022-50399,updated,2026-08-04,cve_2022_and_before,2026-08-04T09:36:43+00:00
CVE-2022-50401,updated,2026-08-04,cve_2022_and_before,2026-08-04T09:36:43+00:00
CVE-2022-50405,updated,2026-08-04,cve_2022_and_before,2026-08-04T09:36:43+00:00
CVE-2022-50406,updated,2026-08-04,cve_2022_and_before,2026-08-04T09:36:43+00:00
CVE-2022-50408,updated,2026-08-04,cve_2022_and_before,2026-08-04T09:36:43+00:00
CVE-2022-50410,updated,2026-08-04,cve_2022_and_before,2026-08-04T09:36:43+00:00
CVE-2022-50411,updated,2026-08-04,cve_2022_and_before,2026-08-04T09:36:43+00:00
CVE-2022-50413,updated,2026-08-04,cve_2022_and_before,2026-08-04T09:36:43+00:00
CVE-2022-50417,updated,2026-08-04,cve_2022_and_before,2026-08-04T09:36:43+00:00
CVE-2022-50419,updated,2026-08-04,cve_2022_and_before,2026-08-04T09:36:43+00:00
CVE-2022-50421,updated,2026-08-04,cve_2022_and_before,2026-08-04T09:36:43+00:00
CVE-2022-50423,updated,2026-08-04,cve_2022_and_before,2026-08-04T09:36:43+00:00
CVE-2022-50432,updated,2026-08-04,cve_2022_and_before,2026-08-04T09:36:43+00:00
CVE-2022-50437,updated,2026-08-04,cve_2022_and_before,2026-08-04T09:36:43+00:00
CVE-2022-50440,updated,2026-08-04,cve_2022_and_before,2026-08-04T09:36:43+00:00
CVE-2022-50442,updated,2026-08-04,cve_2022_and_before,2026-08-04T09:36:43+00:00
CVE-2022-50454,updated,2026-08-04,cve_2022_and_before,2026-08-04T09:36:43+00:00
CVE-2022-50459,updated,2026-08-04,cve_2022_and_before,2026-08-04T09:36:43+00:00
CVE-2022-50472,updated,2026-08-04,cve_2022_and_before,2026-08-04T09:36:43+00:00
CVE-2022-50483,updated,2026-08-04,cve_2022_and_before,2026-08-04T09:36:43+00:00
CVE-2022-50488,updated,2026-08-04,cve_2022_and_before,2026-08-04T09:36:43+00:00
CVE-2022-50490,updated,2026-08-04,cve_2022_and_before,2026-08-04T09:36:43+00:00
CVE-2022-50492,updated,2026-08-04,cve_2022_and_before,2026-08-04T09:36:43+00:00
CVE-2022-50493,updated,2026-08-04,cve_2022_and_before,2026-08-04T09:36:43+00:00
CVE-2022-50507,updated,2026-08-04,cve_2022_and_before,2026-08-04T09:36:43+00:00
CVE-2022-50508,updated,2026-08-04,cve_2022_and_before,2026-08-04T09:36:43+00:00
CVE-2022-50517,updated,2026-08-04,cve_2022_and_before,2026-08-04T09:36:43+00:00
CVE-2022-50518,updated,2026-08-04,cve_2022_and_before,2026-08-04T09:36:43+00:00
CVE-2022-50528,updated,2026-08-04,cve_2022_and_before,2026-08-04T09:36:43+00:00
CVE-2022-50536,updated,2026-08-04,cve_2022_and_before,2026-08-04T09:36:43+00:00
CVE-2022-50543,updated,2026-08-04,cve_2022_and_before,2026-08-04T09:36:43+00:00
CVE-2022-50555,updated,2026-08-04,cve_2022_and_before,2026-08-04T09:36:43+00:00
CVE-2022-50567,updated,2026-08-04,cve_2022_and_before,2026-08-04T09:36:43+00:00
CVE-2022-50569,updated,2026-08-04,cve_2022_and_before,2026-08-04T09:36:43+00:00
CVE-2022-50570,updated,2026-08-04,cve_2022_and_before,2026-08-04T09:36:43+00:00
CVE-2022-50581,updated,2026-08-04,cve_2022_and_before,2026-08-04T09:36:43+00:00
CVE-2022-50623,updated,2026-08-04,cve_2022_and_before,2026-08-04T09:36:43+00:00
CVE-2022-50630,updated,2026-08-04,cve_2022_and_before,2026-08-04T09:36:43+00:00
CVE-2022-50650,updated,2026-08-04,cve_2022_and_before,2026-08-04T09:36:43+00:00
CVE-2022-50656,updated,2026-08-04,cve_2022_and_before,2026-08-04T09:36:43+00:00
CVE-2022-50665,updated,2026-08-04,cve_2022_and_before,2026-08-04T09:36:43+00:00
CVE-2022-50666,updated,2026-08-04,cve_2022_and_before,2026-08-04T09:36:43+00:00
CVE-2022-50668,updated,2026-08-04,cve_2022_and_before,2026-08-04T09:36:43+00:00
CVE-2022-50671,updated,2026-08-04,cve_2022_and_before,2026-08-04T09:36:43+00:00
CVE-2022-50673,updated,2026-08-04,cve_2022_and_before,2026-08-04T09:36:43+00:00
CVE-2022-50676,updated,2026-08-04,cve_2022_and_before,2026-08-04T09:36:43+00:00
CVE-2022-50677,updated,2026-08-04,cve_2022_and_before,2026-08-04T09:36:43+00:00
CVE-2022-50697,updated,2026-08-04,cve_2022_and_before,2026-08-04T09:36:43+00:00
CVE-2022-50700,updated,2026-08-04,cve_2022_and_before,2026-08-04T09:36:43+00:00
CVE-2022-50701,updated,2026-08-04,cve_2022_and_before,2026-08-04T09:36:43+00:00
CVE-2022-50717,updated,2026-08-04,cve_2022_and_before,2026-08-04T09:36:43+00:00
CVE-2022-50719,updated,2026-08-04,cve_2022_and_before,2026-08-04T09:36:43+00:00
CVE-2022-50726,updated,2026-08-04,cve_2022_and_before,2026-08-04T09:36:43+00:00
CVE-2022-50732,updated,2026-08-04,cve_2022_and_before,2026-08-04T09:36:43+00:00
CVE-2022-50736,updated,2026-08-04,cve_2022_and_before,2026-08-04T09:36:43+00:00
CVE-2022-50737,updated,2026-08-04,cve_2022_and_before,2026-08-04T09:36:43+00:00
CVE-2022-50745,updated,2026-08-04,cve_2022_and_before,2026-08-04T09:36:43+00:00
CVE-2022-50746,updated,2026-08-04,cve_2022_and_before,2026-08-04T09:36:43+00:00
CVE-2022-50747,updated,2026-08-04,cve_2022_and_before,2026-08-04T09:36:43+00:00
CVE-2022-50750,updated,2026-08-04,cve_2022_and_before,2026-08-04T09:36:43+00:00
CVE-2022-50752,updated,2026-08-04,cve_2022_and_before,2026-08-04T09:36:43+00:00
CVE-2022-50753,updated,2026-08-04,cve_2022_and_before,2026-08-04T09:36:43+00:00
CVE-2022-50755,updated,2026-08-04,cve_2022_and_before,2026-08-04T09:36:43+00:00
CVE-2022-50756,updated,2026-08-04,cve_2022_and_before,2026-08-04T09:36:43+00:00
CVE-2022-50757,updated,2026-08-04,cve_2022_and_before,2026-08-04T09:36:43+00:00
CVE-2022-50758,updated,2026-08-04,cve_2022_and_before,2026-08-04T09:36:43+00:00
CVE-2022-50780,updated,2026-08-04,cve_2022_and_before,2026-08-04T09:36:43+00:00
CVE-2022-50785,updated,2026-08-04,cve_2022_and_before,2026-08-04T09:36:43+00:00
CVE-2022-50822,updated,2026-08-04,cve_2022_and_before,2026-08-04T09:36:43+00:00
CVE-2022-50841,updated,2026-08-04,cve_2022_and_before,2026-08-04T09:36:43+00:00
CVE-2022-50860,updated,2026-08-04,cve_2022_and_before,2026-08-04T09:36:43+00:00
CVE-2022-50861,updated,2026-08-04,cve_2022_and_before,2026-08-04T09:36:43+00:00
CVE-2022-50865,updated,2026-08-04,cve_2022_and_before,2026-08-04T09:36:43+00:00
CVE-2022-50867,updated,2026-08-04,cve_2022_and_before,2026-08-04T09:36:43+00:00
CVE-2022-50869,updated,2026-08-04,cve_2022_and_before,2026-08-04T09:36:43+00:00
CVE-2022-50871,updated,2026-08-04,cve_2022_and_before,2026-08-04T09:36:43+00:00
CVE-2022-50880,updated,2026-08-04,cve_2022_and_before,2026-08-04T09:36:43+00:00
CVE-2022-50885,updated,2026-08-04,cve_2022_and_before,2026-08-04T09:36:43+00:00
CVE-2023-3865,updated,2026-08-04,cve_2023_to_2025,2026-08-04T09:36:43+00:00
CVE-2023-3866,updated,2026-08-04,cve_2023_to_2025,2026-08-04T09:36:43+00:00
CVE-2023-3867,updated,2026-08-04,cve_2023_to_2025,2026-08-04T09:36:43+00:00
CVE-2023-4130,updated,2026-08-04,cve_2023_to_2025,2026-08-04T09:36:43+00:00
CVE-2023-4515,updated,2026-08-04,cve_2023_to_2025,2026-08-04T09:36:43+00:00
CVE-2023-6393,updated,2026-08-04,cve_2023_to_2025,2026-08-04T09:36:43+00:00
CVE-2023-6717,updated,2026-08-04,cve_2023_to_2025,2026-08-04T09:36:43+00:00
CVE-2023-32249,updated,2026-08-04,cve_2023_to_2025,2026-08-04T09:36:43+00:00
CVE-2023-46805,updated,2026-08-04,cve_2023_to_2025,2026-08-04T09:36:43+00:00
CVE-2023-52355,updated,2026-08-03,cve_2023_to_2025,2026-08-04T09:36:43+00:00
CVE-2023-52433,updated,2026-08-04,cve_2023_to_2025,2026-08-04T09:36:43+00:00
CVE-2023-52434,updated,2026-08-04,cve_2023_to_2025,2026-08-04T09:36:43+00:00
CVE-2023-52436,updated,2026-08-04,cve_2023_to_2025,2026-08-04T09:36:43+00:00
CVE-2023-52438,updated,2026-08-04,cve_2023_to_2025,2026-08-04T09:36:43+00:00
CVE-2023-52439,updated,2026-08-04,cve_2023_to_2025,2026-08-04T09:36:43+00:00
CVE-2023-52440,updated,2026-08-04,cve_2023_to_2025,2026-08-04T09:36:43+00:00
CVE-2023-52441,updated,2026-08-04,cve_2023_to_2025,2026-08-04T09:36:43+00:00
CVE-2023-52442,updated,2026-08-04,cve_2023_to_2025,2026-08-04T09:36:43+00:00
CVE-2023-52444,updated,2026-08-04,cve_2023_to_2025,2026-08-04T09:36:43+00:00
CVE-2023-52447,updated,2026-08-04,cve_2023_to_2025,2026-08-04T09:36:43+00:00
CVE-2023-52453,updated,2026-08-04,cve_2023_to_2025,2026-08-04T09:36:43+00:00
CVE-2023-52454,updated,2026-08-04,cve_2023_to_2025,2026-08-04T09:36:43+00:00
CVE-2023-52461,updated,2026-08-04,cve_2023_to_2025,2026-08-04T09:36:43+00:00
CVE-2023-52469,updated,2026-08-04,cve_2023_to_2025,2026-08-04T09:36:43+00:00
CVE-2023-52474,updated,2026-08-04,cve_2023_to_2025,2026-08-04T09:36:43+00:00
CVE-2023-52478,updated,2026-08-04,cve_2023_to_2025,2026-08-04T09:36:43+00:00
CVE-2023-52479,updated,2026-08-04,cve_2023_to_2025,2026-08-04T09:36:43+00:00
CVE-2023-52480,updated,2026-08-04,cve_2023_to_2025,2026-08-04T09:36:43+00:00
CVE-2023-52483,updated,2026-08-04,cve_2023_to_2025,2026-08-04T09:36:43+00:00
CVE-2023-52486,updated,2026-08-04,cve_2023_to_2025,2026-08-04T09:36:43+00:00
CVE-2023-52491,updated,2026-08-04,cve_2023_to_2025,2026-08-04T09:36:43+00:00
CVE-2023-52497,updated,2026-08-04,cve_2023_to_2025,2026-08-04T09:36:43+00:00
CVE-2023-52502,updated,2026-08-04,cve_2023_to_2025,2026-08-04T09:36:43+00:00
CVE-2023-52503,updated,2026-08-04,cve_2023_to_2025,2026-08-04T09:36:43+00:00
CVE-2023-52509,updated,2026-08-04,cve_2023_to_2025,2026-08-04T09:36:43+00:00
CVE-2023-52513,updated,2026-08-04,cve_2023_to_2025,2026-08-04T09:36:43+00:00
CVE-2023-52515,updated,2026-08-04,cve_2023_to_2025,2026-08-04T09:36:43+00:00
CVE-2023-52517,updated,2026-08-04,cve_2023_to_2025,2026-08-04T09:36:43+00:00
CVE-2023-52522,updated,2026-08-04,cve_2023_to_2025,2026-08-04T09:36:43+00:00
CVE-2023-52523,updated,2026-08-04,cve_2023_to_2025,2026-08-04T09:36:43+00:00
CVE-2023-52530,updated,2026-08-04,cve_2023_to_2025,2026-08-04T09:36:43+00:00
CVE-2023-52565,updated,2026-08-04,cve_2023_to_2025,2026-08-04T09:36:43+00:00
CVE-2023-52572,updated,2026-08-04,cve_2023_to_2025,2026-08-04T09:36:43+00:00
CVE-2023-52574,updated,2026-08-04,cve_2023_to_2025,2026-08-04T09:36:43+00:00
CVE-2023-52586,updated,2026-08-04,cve_2023_to_2025,2026-08-04T09:36:43+00:00
CVE-2023-52588,updated,2026-08-04,cve_2023_to_2025,2026-08-04T09:36:43+00:00
CVE-2023-52590,updated,2026-08-04,cve_2023_to_2025,2026-08-04T09:36:43+00:00
CVE-2023-52591,updated,2026-08-04,cve_2023_to_2025,2026-08-04T09:36:43+00:00
CVE-2023-52599,updated,2026-08-04,cve_2023_to_2025,2026-08-04T09:36:43+00:00
CVE-2023-52600,updated,2026-08-04,cve_2023_to_2025,2026-08-04T09:36:43+00:00
CVE-2023-52601,updated,2026-08-04,cve_2023_to_2025,2026-08-04T09:36:43+00:00
CVE-2023-52602,updated,2026-08-04,cve_2023_to_2025,2026-08-04T09:36:43+00:00
CVE-2023-52603,updated,2026-08-04,cve_2023_to_2025,2026-08-04T09:36:43+00:00
CVE-2023-52604,updated,2026-08-04,cve_2023_to_2025,2026-08-04T09:36:43+00:00
CVE-2023-52606,updated,2026-08-04,cve_2023_to_2025,2026-08-04T09:36:43+00:00
CVE-2023-52610,updated,2026-08-04,cve_2023_to_2025,2026-08-04T09:36:43+00:00
CVE-2023-52612,updated,2026-08-04,cve_2023_to_2025,2026-08-04T09:36:43+00:00
CVE-2023-52614,updated,2026-08-04,cve_2023_to_2025,2026-08-04T09:36:43+00:00
CVE-2023-52616,updated,2026-08-04,cve_2023_to_2025,2026-08-04T09:36:43+00:00
CVE-2023-52620,updated,2026-08-04,cve_2023_to_2025,2026-08-04T09:36:43+00:00
CVE-2023-52623,updated,2026-08-04,cve_2023_to_2025,2026-08-04T09:36:43+00:00
CVE-2023-52628,updated,2026-08-04,cve_2023_to_2025,2026-08-04T09:36:43+00:00
CVE-2023-52636,updated,2026-08-04,cve_2023_to_2025,2026-08-04T09:36:43+00:00
CVE-2023-52637,updated,2026-08-04,cve_2023_to_2025,2026-08-04T09:36:43+00:00
CVE-2023-52640,updated,2026-08-04,cve_2023_to_2025,2026-08-04T09:36:43+00:00
CVE-2023-52654,updated,2026-08-04,cve_2023_to_2025,2026-08-04T09:36:43+00:00
CVE-2023-52656,updated,2026-08-04,cve_2023_to_2025,2026-08-04T09:36:43+00:00
CVE-2023-52662,updated,2026-08-04,cve_2023_to_2025,2026-08-04T09:36:43+00:00
CVE-2023-52664,updated,2026-08-04,cve_2023_to_2025,2026-08-04T09:36:43+00:00
CVE-2023-52667,updated,2026-08-04,cve_2023_to_2025,2026-08-04T09:36:43+00:00
CVE-2023-52669,updated,2026-08-04,cve_2023_to_2025,2026-08-04T09:36:43+00:00
CVE-2023-52676,updated,2026-08-04,cve_2023_to_2025,2026-08-04T09:36:43+00:00
CVE-2023-52678,updated,2026-08-04,cve_2023_to_2025,2026-08-04T09:36:43+00:00
CVE-2023-52679,updated,2026-08-04,cve_2023_to_2025,2026-08-04T09:36:43+00:00
CVE-2023-52687,updated,2026-08-04,cve_2023_to_2025,2026-08-04T09:36:43+00:00
CVE-2023-52688,updated,2026-08-04,cve_2023_to_2025,2026-08-04T09:36:43+00:00
CVE-2023-52691,updated,2026-08-04,cve_2023_to_2025,2026-08-04T09:36:43+00:00
CVE-2023-52704,updated,2026-08-04,cve_2023_to_2025,2026-08-04T09:36:43+00:00
CVE-2023-52707,updated,2026-08-04,cve_2023_to_2025,2026-08-04T09:36:43+00:00
CVE-2023-52731,updated,2026-08-04,cve_2023_to_2025,2026-08-04T09:36:43+00:00
CVE-2023-52732,updated,2026-08-04,cve_2023_to_2025,2026-08-04T09:36:43+00:00
CVE-2023-52739,updated,2026-08-04,cve_2023_to_2025,2026-08-04T09:36:43+00:00
CVE-2023-52741,updated,2026-08-04,cve_2023_to_2025,2026-08-04T09:36:43+00:00
CVE-2023-52745,updated,2026-08-04,cve_2023_to_2025,2026-08-04T09:36:43+00:00
CVE-2023-52751,updated,2026-08-04,cve_2023_to_2025,2026-08-04T09:36:43+00:00
CVE-2023-52752,updated,2026-08-04,cve_2023_to_2025,2026-08-04T09:36:43+00:00
CVE-2023-52755,updated,2026-08-04,cve_2023_to_2025,2026-08-04T09:36:43+00:00
CVE-2023-52760,updated,2026-08-04,cve_2023_to_2025,2026-08-04T09:36:43+00:00
CVE-2023-52761,updated,2026-08-04,cve_2023_to_2025,2026-08-04T09:36:43+00:00
CVE-2023-52766,updated,2026-08-04,cve_2023_to_2025,2026-08-04T09:36:43+00:00
CVE-2023-52768,updated,2026-08-04,cve_2023_to_2025,2026-08-04T09:36:43+00:00
CVE-2023-52769,updated,2026-08-04,cve_2023_to_2025,2026-08-04T09:36:43+00:00
CVE-2023-52772,updated,2026-08-04,cve_2023_to_2025,2026-08-04T09:36:43+00:00
CVE-2023-52775,updated,2026-08-04,cve_2023_to_2025,2026-08-04T09:36:43+00:00
CVE-2023-52776,updated,2026-08-04,cve_2023_to_2025,2026-08-04T09:36:43+00:00
CVE-2023-52777,updated,2026-08-04,cve_2023_to_2025,2026-08-04T09:36:43+00:00
CVE-2023-52790,updated,2026-08-04,cve_2023_to_2025,2026-08-04T09:36:43+00:00
CVE-2023-52798,updated,2026-08-04,cve_2023_to_2025,2026-08-04T09:36:43+00:00
CVE-2023-52799,updated,2026-08-04,cve_2023_to_2025,2026-08-04T09:36:43+00:00
CVE-2023-52801,updated,2026-08-04,cve_2023_to_2025,2026-08-04T09:36:43+00:00
CVE-2023-52804,updated,2026-08-04,cve_2023_to_2025,2026-08-04T09:36:43+00:00
CVE-2023-52805,updated,2026-08-04,cve_2023_to_2025,2026-08-04T09:36:43+00:00
CVE-2023-52810,updated,2026-08-04,cve_2023_to_2025,2026-08-04T09:36:43+00:00
CVE-2023-52825,updated,2026-08-04,cve_2023_to_2025,2026-08-04T09:36:43+00:00
CVE-2023-52827,updated,2026-08-04,cve_2023_to_2025,2026-08-04T09:36:43+00:00
CVE-2023-52829,updated,2026-08-04,cve_2023_to_2025,2026-08-04T09:36:43+00:00
CVE-2023-52834,updated,2026-08-04,cve_2023_to_2025,2026-08-04T09:36:43+00:00
CVE-2023-52837,updated,2026-08-04,cve_2023_to_2025,2026-08-04T09:36:43+00:00
CVE-2023-52845,updated,2026-08-04,cve_2023_to_2025,2026-08-04T09:36:43+00:00
CVE-2023-52846,updated,2026-08-04,cve_2023_to_2025,2026-08-04T09:36:43+00:00
CVE-2023-52847,updated,2026-08-04,cve_2023_to_2025,2026-08-04T09:36:43+00:00
CVE-2023-52852,updated,2026-08-04,cve_2023_to_2025,2026-08-04T09:36:43+00:00
CVE-2023-52864,updated,2026-08-04,cve_2023_to_2025,2026-08-04T09:36:43+00:00
CVE-2023-52867,updated,2026-08-04,cve_2023_to_2025,2026-08-04T09:36:43+00:00
CVE-2023-52871,updated,2026-08-04,cve_2023_to_2025,2026-08-04T09:36:43+00:00
CVE-2023-52872,updated,2026-08-04,cve_2023_to_2025,2026-08-04T09:36:43+00:00
CVE-2023-52874,updated,2026-08-04,cve_2023_to_2025,2026-08-04T09:36:43+00:00
CVE-2023-52879,updated,2026-08-04,cve_2023_to_2025,2026-08-04T09:36:43+00:00
CVE-2023-52880,updated,2026-08-04,cve_2023_to_2025,2026-08-04T09:36:43+00:00
CVE-2023-52881,updated,2026-08-04,cve_2023_to_2025,2026-08-04T09:36:43+00:00
CVE-2023-52885,updated,2026-08-04,cve_2023_to_2025,2026-08-04T09:36:43+00:00
CVE-2023-52887,updated,2026-08-04,cve_2023_to_2025,2026-08-04T09:36:43+00:00
CVE-2023-52903,updated,2026-08-04,cve_2023_to_2025,2026-08-04T09:36:43+00:00
CVE-2023-52907,updated,2026-08-04,cve_2023_to_2025,2026-08-04T09:36:43+00:00
CVE-2023-52909,updated,2026-08-04,cve_2023_to_2025,2026-08-04T09:36:43+00:00
CVE-2023-52910,updated,2026-08-04,cve_2023_to_2025,2026-08-04T09:36:43+00:00
CVE-2023-52913,updated,2026-08-04,cve_2023_to_2025,2026-08-04T09:36:43+00:00
CVE-2023-52916,updated,2026-08-04,cve_2023_to_2025,2026-08-04T09:36:43+00:00
CVE-2023-52920,updated,2026-08-04,cve_2023_to_2025,2026-08-04T09:36:43+00:00
CVE-2023-52921,updated,2026-08-04,cve_2023_to_2025,2026-08-04T09:36:43+00:00
CVE-2023-52922,updated,2026-08-04,cve_2023_to_2025,2026-08-04T09:36:43+00:00
CVE-2023-52923,updated,2026-08-04,cve_2023_to_2025,2026-08-04T09:36:43+00:00
CVE-2023-52926,updated,2026-08-04,cve_2023_to_2025,2026-08-04T09:36:43+00:00
CVE-2023-52927,updated,2026-08-04,cve_2023_to_2025,2026-08-04T09:36:43+00:00
CVE-2023-52930,updated,2026-08-04,cve_2023_to_2025,2026-08-04T09:36:43+00:00
CVE-2023-52931,updated,2026-08-04,cve_2023_to_2025,2026-08-04T09:36:43+00:00
CVE-2023-52934,updated,2026-08-04,cve_2023_to_2025,2026-08-04T09:36:43+00:00
CVE-2023-52935,updated,2026-08-04,cve_2023_to_2025,2026-08-04T09:36:43+00:00
CVE-2023-52973,updated,2026-08-04,cve_2023_to_2025,2026-08-04T09:36:43+00:00
CVE-2023-52974,updated,2026-08-04,cve_2023_to_2025,2026-08-04T09:36:43+00:00
CVE-2023-52975,updated,2026-08-04,cve_2023_to_2025,2026-08-04T09:36:43+00:00
CVE-2023-52981,updated,2026-08-04,cve_2023_to_2025,2026-08-04T09:36:43+00:00
CVE-2023-52983,updated,2026-08-04,cve_2023_to_2025,2026-08-04T09:36:43+00:00
CVE-2023-52987,updated,2026-08-04,cve_2023_to_2025,2026-08-04T09:36:43+00:00
CVE-2023-52988,updated,2026-08-04,cve_2023_to_2025,2026-08-04T09:36:43+00:00
CVE-2023-52991,updated,2026-08-04,cve_2023_to_2025,2026-08-04T09:36:43+00:00
CVE-2023-52999,updated,2026-08-04,cve_2023_to_2025,2026-08-04T09:36:43+00:00
CVE-2023-53006,updated,2026-08-04,cve_2023_to_2025,2026-08-04T09:36:43+00:00
CVE-2023-53009,updated,2026-08-04,cve_2023_to_2025,2026-08-04T09:36:43+00:00
CVE-2023-53021,updated,2026-08-04,cve_2023_to_2025,2026-08-04T09:36:43+00:00
CVE-2023-53023,updated,2026-08-04,cve_2023_to_2025,2026-08-04T09:36:43+00:00
CVE-2023-53026,updated,2026-08-04,cve_2023_to_2025,2026-08-04T09:36:43+00:00
CVE-2023-53028,updated,2026-08-04,cve_2023_to_2025,2026-08-04T09:36:43+00:00
CVE-2023-53033,updated,2026-08-04,cve_2023_to_2025,2026-08-04T09:36:43+00:00
CVE-2023-53034,updated,2026-08-04,cve_2023_to_2025,2026-08-04T09:36:43+00:00
CVE-2023-53039,updated,2026-08-04,cve_2023_to_2025,2026-08-04T09:36:43+00:00
CVE-2023-53043,updated,2026-08-04,cve_2023_to_2025,2026-08-04T09:36:43+00:00
CVE-2023-53046,updated,2026-08-04,cve_2023_to_2025,2026-08-04T09:36:43+00:00
CVE-2023-53047,updated,2026-08-04,cve_2023_to_2025,2026-08-04T09:36:43+00:00
CVE-2023-53052,updated,2026-08-04,cve_2023_to_2025,2026-08-04T09:36:43+00:00
CVE-2023-53057,updated,2026-08-04,cve_2023_to_2025,2026-08-04T09:36:43+00:00
CVE-2023-53065,updated,2026-08-04,cve_2023_to_2025,2026-08-04T09:36:43+00:00
CVE-2023-53072,updated,2026-08-04,cve_2023_to_2025,2026-08-04T09:36:43+00:00
CVE-2023-53080,updated,2026-08-04,cve_2023_to_2025,2026-08-04T09:36:43+00:00
CVE-2023-53083,updated,2026-08-04,cve_2023_to_2025,2026-08-04T09:36:43+00:00
CVE-2023-53084,updated,2026-08-04,cve_2023_to_2025,2026-08-04T09:36:43+00:00
CVE-2023-53086,updated,2026-08-04,cve_2023_to_2025,2026-08-04T09:36:43+00:00
CVE-2023-53087,updated,2026-08-04,cve_2023_to_2025,2026-08-04T09:36:43+00:00
CVE-2023-53088,updated,2026-08-04,cve_2023_to_2025,2026-08-04T09:36:43+00:00
CVE-2023-53090,updated,2026-08-04,cve_2023_to_2025,2026-08-04T09:36:43+00:00
CVE-2023-53094,updated,2026-08-04,cve_2023_to_2025,2026-08-04T09:36:43+00:00
CVE-2023-53100,updated,2026-08-04,cve_2023_to_2025,2026-08-04T09:36:43+00:00
CVE-2023-53102,updated,2026-08-04,cve_2023_to_2025,2026-08-04T09:36:43+00:00
CVE-2023-53107,updated,2026-08-04,cve_2023_to_2025,2026-08-04T09:36:43+00:00
CVE-2023-53110,updated,2026-08-04,cve_2023_to_2025,2026-08-04T09:36:43+00:00
CVE-2023-53111,updated,2026-08-04,cve_2023_to_2025,2026-08-04T09:36:43+00:00
CVE-2023-53116,updated,2026-08-04,cve_2023_to_2025,2026-08-04T09:36:43+00:00
CVE-2023-53138,updated,2026-08-04,cve_2023_to_2025,2026-08-04T09:36:43+00:00
CVE-2023-53170,updated,2026-08-04,cve_2023_to_2025,2026-08-04T09:36:43+00:00
CVE-2023-53176,updated,2026-08-04,cve_2023_to_2025,2026-08-04T09:36:43+00:00
CVE-2023-53178,updated,2026-08-04,cve_2023_to_2025,2026-08-04T09:36:43+00:00
CVE-2023-53179,updated,2026-08-04,cve_2023_to_2025,2026-08-04T09:36:43+00:00
CVE-2023-53184,updated,2026-08-04,cve_2023_to_2025,2026-08-04T09:36:43+00:00
CVE-2023-53186,updated,2026-08-04,cve_2023_to_2025,2026-08-04T09:36:43+00:00
CVE-2023-53187,updated,2026-08-04,cve_2023_to_2025,2026-08-04T09:36:43+00:00
CVE-2023-53189,updated,2026-08-04,cve_2023_to_2025,2026-08-04T09:36:43+00:00
CVE-2023-53192,updated,2026-08-04,cve_2023_to_2025,2026-08-04T09:36:43+00:00
CVE-2023-53194,updated,2026-08-04,cve_2023_to_2025,2026-08-04T09:36:43+00:00
CVE-2023-53205,updated,2026-08-04,cve_2023_to_2025,2026-08-04T09:36:43+00:00
CVE-2023-53213,updated,2026-08-04,cve_2023_to_2025,2026-08-04T09:36:43+00:00
CVE-2023-53214,updated,2026-08-04,cve_2023_to_2025,2026-08-04T09:36:43+00:00
CVE-2023-53216,updated,2026-08-04,cve_2023_to_2025,2026-08-04T09:36:43+00:00
CVE-2023-53219,updated,2026-08-04,cve_2023_to_2025,2026-08-04T09:36:43+00:00
CVE-2023-53222,updated,2026-08-04,cve_2023_to_2025,2026-08-04T09:36:43+00:00
CVE-2023-53226,updated,2026-08-04,cve_2023_to_2025,2026-08-04T09:36:43+00:00
CVE-2023-53229,updated,2026-08-04,cve_2023_to_2025,2026-08-04T09:36:43+00:00
CVE-2023-53236,updated,2026-08-04,cve_2023_to_2025,2026-08-04T09:36:43+00:00
CVE-2023-53242,updated,2026-08-04,cve_2023_to_2025,2026-08-04T09:36:43+00:00
CVE-2023-53252,updated,2026-08-04,cve_2023_to_2025,2026-08-04T09:36:43+00:00
CVE-2023-53253,updated,2026-08-04,cve_2023_to_2025,2026-08-04T09:36:43+00:00
CVE-2023-53254,updated,2026-08-04,cve_2023_to_2025,2026-08-04T09:36:43+00:00
CVE-2023-53257,updated,2026-08-04,cve_2023_to_2025,2026-08-04T09:36:43+00:00
CVE-2023-53263,updated,2026-08-04,cve_2023_to_2025,2026-08-04T09:36:43+00:00
CVE-2023-53274,updated,2026-08-04,cve_2023_to_2025,2026-08-04T09:36:43+00:00
CVE-2023-53285,updated,2026-08-04,cve_2023_to_2025,2026-08-04T09:36:43+00:00
CVE-2023-53286,updated,2026-08-04,cve_2023_to_2025,2026-08-04T09:36:43+00:00
CVE-2023-53297,updated,2026-08-04,cve_2023_to_2025,2026-08-04T09:36:43+00:00
CVE-2023-53305,updated,2026-08-04,cve_2023_to_2025,2026-08-04T09:36:43+00:00
CVE-2023-53311,updated,2026-08-04,cve_2023_to_2025,2026-08-04T09:36:43+00:00
CVE-2023-53314,updated,2026-08-04,cve_2023_to_2025,2026-08-04T09:36:43+00:00
CVE-2023-53315,updated,2026-08-04,cve_2023_to_2025,2026-08-04T09:36:43+00:00
CVE-2023-53321,updated,2026-08-04,cve_2023_to_2025,2026-08-04T09:36:43+00:00
CVE-2023-53322,updated,2026-08-04,cve_2023_to_2025,2026-08-04T09:36:43+00:00
CVE-2023-53331,updated,2026-08-04,cve_2023_to_2025,2026-08-04T09:36:43+00:00
CVE-2023-53333,updated,2026-08-04,cve_2023_to_2025,2026-08-04T09:36:43+00:00
CVE-2023-53335,updated,2026-08-04,cve_2023_to_2025,2026-08-04T09:36:43+00:00
CVE-2023-53338,updated,2026-08-04,cve_2023_to_2025,2026-08-04T09:36:43+00:00
CVE-2023-53340,updated,2026-08-04,cve_2023_to_2025,2026-08-04T09:36:43+00:00
CVE-2023-53354,updated,2026-08-04,cve_2023_to_2025,2026-08-04T09:36:43+00:00
CVE-2023-53358,updated,2026-08-04,cve_2023_to_2025,2026-08-04T09:36:43+00:00
CVE-2023-53360,updated,2026-08-04,cve_2023_to_2025,2026-08-04T09:36:43+00:00
CVE-2023-53372,updated,2026-08-04,cve_2023_to_2025,2026-08-04T09:36:43+00:00
CVE-2023-53373,updated,2026-08-04,cve_2023_to_2025,2026-08-04T09:36:43+00:00
CVE-2023-53374,updated,2026-08-04,cve_2023_to_2025,2026-08-04T09:36:43+00:00
CVE-2023-53376,updated,2026-08-04,cve_2023_to_2025,2026-08-04T09:36:43+00:00
CVE-2023-53377,updated,2026-08-04,cve_2023_to_2025,2026-08-04T09:36:43+00:00
CVE-2023-53378,updated,2026-08-04,cve_2023_to_2025,2026-08-04T09:36:43+00:00
CVE-2023-53381,updated,2026-08-04,cve_2023_to_2025,2026-08-04T09:36:43+00:00
CVE-2023-53382,updated,2026-08-04,cve_2023_to_2025,2026-08-04T09:36:43+00:00
CVE-2023-53386,updated,2026-08-04,cve_2023_to_2025,2026-08-04T09:36:43+00:00
CVE-2023-53387,updated,2026-08-04,cve_2023_to_2025,2026-08-04T09:36:43+00:00
CVE-2023-53388,updated,2026-08-04,cve_2023_to_2025,2026-08-04T09:36:43+00:00
CVE-2023-53394,updated,2026-08-04,cve_2023_to_2025,2026-08-04T09:36:43+00:00
CVE-2023-53398,updated,2026-08-04,cve_2023_to_2025,2026-08-04T09:36:43+00:00
CVE-2023-53399,updated,2026-08-04,cve_2023_to_2025,2026-08-04T09:36:43+00:00
CVE-2023-53420,updated,2026-08-04,cve_2023_to_2025,2026-08-04T09:36:43+00:00
CVE-2023-53426,updated,2026-08-04,cve_2023_to_2025,2026-08-04T09:36:43+00:00
CVE-2023-53429,updated,2026-08-04,cve_2023_to_2025,2026-08-04T09:36:43+00:00
CVE-2023-53431,updated,2026-08-04,cve_2023_to_2025,2026-08-04T09:36:43+00:00
CVE-2023-53432,updated,2026-08-04,cve_2023_to_2025,2026-08-04T09:36:43+00:00
CVE-2023-53440,updated,2026-08-04,cve_2023_to_2025,2026-08-04T09:36:43+00:00
CVE-2023-53445,updated,2026-08-04,cve_2023_to_2025,2026-08-04T09:36:43+00:00
CVE-2023-53454,updated,2026-08-04,cve_2023_to_2025,2026-08-04T09:36:43+00:00
CVE-2023-53462,updated,2026-08-04,cve_2023_to_2025,2026-08-04T09:36:43+00:00
CVE-2023-53463,updated,2026-08-04,cve_2023_to_2025,2026-08-04T09:36:43+00:00
CVE-2023-53465,updated,2026-08-04,cve_2023_to_2025,2026-08-04T09:36:43+00:00
CVE-2023-53473,updated,2026-08-04,cve_2023_to_2025,2026-08-04T09:36:43+00:00
CVE-2023-53474,updated,2026-08-04,cve_2023_to_2025,2026-08-04T09:36:43+00:00
CVE-2023-53478,updated,2026-08-04,cve_2023_to_2025,2026-08-04T09:36:43+00:00
CVE-2023-53481,updated,2026-08-04,cve_2023_to_2025,2026-08-04T09:36:43+00:00
CVE-2023-53484,updated,2026-08-04,cve_2023_to_2025,2026-08-04T09:36:43+00:00
CVE-2023-53485,updated,2026-08-04,cve_2023_to_2025,2026-08-04T09:36:43+00:00
CVE-2023-53486,updated,2026-08-04,cve_2023_to_2025,2026-08-04T09:36:43+00:00
CVE-2023-53490,updated,2026-08-04,cve_2023_to_2025,2026-08-04T09:36:43+00:00
CVE-2023-53491,updated,2026-08-04,cve_2023_to_2025,2026-08-04T09:36:43+00:00
CVE-2023-53492,updated,2026-08-04,cve_2023_to_2025,2026-08-04T09:36:43+00:00
CVE-2023-53493,updated,2026-08-04,cve_2023_to_2025,2026-08-04T09:36:43+00:00
CVE-2023-53494,updated,2026-08-04,cve_2023_to_2025,2026-08-04T09:36:43+00:00
CVE-2023-53495,updated,2026-08-04,cve_2023_to_2025,2026-08-04T09:36:43+00:00
CVE-2023-53499,updated,2026-08-04,cve_2023_to_2025,2026-08-04T09:36:43+00:00
CVE-2023-53500,updated,2026-08-04,cve_2023_to_2025,2026-08-04T09:36:43+00:00
CVE-2023-53504,updated,2026-08-04,cve_2023_to_2025,2026-08-04T09:36:43+00:00
CVE-2023-53506,updated,2026-08-04,cve_2023_to_2025,2026-08-04T09:36:43+00:00
CVE-2023-53510,updated,2026-08-04,cve_2023_to_2025,2026-08-04T09:36:43+00:00
CVE-2023-53517,updated,2026-08-04,cve_2023_to_2025,2026-08-04T09:36:43+00:00
CVE-2023-53518,updated,2026-08-04,cve_2023_to_2025,2026-08-04T09:36:43+00:00
CVE-2023-53520,updated,2026-08-04,cve_2023_to_2025,2026-08-04T09:36:43+00:00
CVE-2023-53526,updated,2026-08-04,cve_2023_to_2025,2026-08-04T09:36:43+00:00
CVE-2023-53531,updated,2026-08-04,cve_2023_to_2025,2026-08-04T09:36:43+00:00
CVE-2023-53535,updated,2026-08-04,cve_2023_to_2025,2026-08-04T09:36:43+00:00
CVE-2023-53536,updated,2026-08-04,cve_2023_to_2025,2026-08-04T09:36:43+00:00
CVE-2023-53537,updated,2026-08-04,cve_2023_to_2025,2026-08-04T09:36:43+00:00
CVE-2023-53539,updated,2026-08-04,cve_2023_to_2025,2026-08-04T09:36:43+00:00
CVE-2023-53540,updated,2026-08-04,cve_2023_to_2025,2026-08-04T09:36:43+00:00
CVE-2023-53545,updated,2026-08-04,cve_2023_to_2025,2026-08-04T09:36:43+00:00
CVE-2023-53552,updated,2026-08-04,cve_2023_to_2025,2026-08-04T09:36:43+00:00
CVE-2023-53554,updated,2026-08-04,cve_2023_to_2025,2026-08-04T09:36:43+00:00
CVE-2023-53556,updated,2026-08-04,cve_2023_to_2025,2026-08-04T09:36:43+00:00
CVE-2023-53557,updated,2026-08-04,cve_2023_to_2025,2026-08-04T09:36:43+00:00
CVE-2023-53559,updated,2026-08-04,cve_2023_to_2025,2026-08-04T09:36:43+00:00
CVE-2023-53560,updated,2026-08-04,cve_2023_to_2025,2026-08-04T09:36:43+00:00
CVE-2023-53566,updated,2026-08-04,cve_2023_to_2025,2026-08-04T09:36:43+00:00
CVE-2023-53570,updated,2026-08-04,cve_2023_to_2025,2026-08-04T09:36:43+00:00
CVE-2023-53572,updated,2026-08-04,cve_2023_to_2025,2026-08-04T09:36:43+00:00
CVE-2023-53577,updated,2026-08-04,cve_2023_to_2025,2026-08-04T09:36:43+00:00
CVE-2023-53580,updated,2026-08-04,cve_2023_to_2025,2026-08-04T09:36:43+00:00
CVE-2023-53586,updated,2026-08-04,cve_2023_to_2025,2026-08-04T09:36:43+00:00
CVE-2023-53587,updated,2026-08-04,cve_2023_to_2025,2026-08-04T09:36:43+00:00
CVE-2023-53589,updated,2026-08-04,cve_2023_to_2025,2026-08-04T09:36:43+00:00
CVE-2023-53597,updated,2026-08-04,cve_2023_to_2025,2026-08-04T09:36:43+00:00
CVE-2023-53598,updated,2026-08-04,cve_2023_to_2025,2026-08-04T09:36:43+00:00
CVE-2023-53599,updated,2026-08-04,cve_2023_to_2025,2026-08-04T09:36:43+00:00
CVE-2023-53600,updated,2026-08-04,cve_2023_to_2025,2026-08-04T09:36:43+00:00
CVE-2023-53606,updated,2026-08-04,cve_2023_to_2025,2026-08-04T09:36:43+00:00
CVE-2023-53608,updated,2026-08-04,cve_2023_to_2025,2026-08-04T09:36:43+00:00
CVE-2023-53609,updated,2026-08-04,cve_2023_to_2025,2026-08-04T09:36:43+00:00
CVE-2023-53615,updated,2026-08-04,cve_2023_to_2025,2026-08-04T09:36:43+00:00
CVE-2023-53616,updated,2026-08-04,cve_2023_to_2025,2026-08-04T09:36:43+00:00
CVE-2023-53619,updated,2026-08-04,cve_2023_to_2025,2026-08-04T09:36:43+00:00
CVE-2023-53626,updated,2026-08-04,cve_2023_to_2025,2026-08-04T09:36:43+00:00
CVE-2023-53627,updated,2026-08-04,cve_2023_to_2025,2026-08-04T09:36:43+00:00
CVE-2023-53629,updated,2026-08-04,cve_2023_to_2025,2026-08-04T09:36:43+00:00
CVE-2023-53630,updated,2026-08-04,cve_2023_to_2025,2026-08-04T09:36:43+00:00
CVE-2023-53635,updated,2026-08-04,cve_2023_to_2025,2026-08-04T09:36:43+00:00
CVE-2023-53638,updated,2026-08-04,cve_2023_to_2025,2026-08-04T09:36:43+00:00
CVE-2023-53640,updated,2026-08-04,cve_2023_to_2025,2026-08-04T09:36:43+00:00
CVE-2023-53643,updated,2026-08-04,cve_2023_to_2025,2026-08-04T09:36:43+00:00
CVE-2023-53645,updated,2026-08-04,cve_2023_to_2025,2026-08-04T09:36:43+00:00
CVE-2023-53646,updated,2026-08-04,cve_2023_to_2025,2026-08-04T09:36:43+00:00
CVE-2023-53651,updated,2026-08-04,cve_2023_to_2025,2026-08-04T09:36:43+00:00
CVE-2023-53659,updated,2026-08-04,cve_2023_to_2025,2026-08-04T09:36:43+00:00
CVE-2023-53660,updated,2026-08-04,cve_2023_to_2025,2026-08-04T09:36:43+00:00
CVE-2023-53669,updated,2026-08-04,cve_2023_to_2025,2026-08-04T09:36:43+00:00
CVE-2023-53673,updated,2026-08-04,cve_2023_to_2025,2026-08-04T09:36:43+00:00
CVE-2023-53674,updated,2026-08-04,cve_2023_to_2025,2026-08-04T09:36:43+00:00
CVE-2023-53675,updated,2026-08-04,cve_2023_to_2025,2026-08-04T09:36:43+00:00
CVE-2023-53676,updated,2026-08-04,cve_2023_to_2025,2026-08-04T09:36:43+00:00
CVE-2023-53679,updated,2026-08-04,cve_2023_to_2025,2026-08-04T09:36:43+00:00
CVE-2023-53680,updated,2026-08-04,cve_2023_to_2025,2026-08-04T09:36:43+00:00
CVE-2023-53683,updated,2026-08-04,cve_2023_to_2025,2026-08-04T09:36:43+00:00
CVE-2023-53692,updated,2026-08-04,cve_2023_to_2025,2026-08-04T09:36:43+00:00
CVE-2023-53695,updated,2026-08-04,cve_2023_to_2025,2026-08-04T09:36:43+00:00
CVE-2023-53698,updated,2026-08-04,cve_2023_to_2025,2026-08-04T09:36:43+00:00
CVE-2023-53705,updated,2026-08-04,cve_2023_to_2025,2026-08-04T09:36:43+00:00
CVE-2023-53707,updated,2026-08-04,cve_2023_to_2025,2026-08-04T09:36:43+00:00
CVE-2023-53711,updated,2026-08-04,cve_2023_to_2025,2026-08-04T09:36:43+00:00
CVE-2023-53713,updated,2026-08-04,cve_2023_to_2025,2026-08-04T09:36:43+00:00
CVE-2023-53718,updated,2026-08-04,cve_2023_to_2025,2026-08-04T09:36:43+00:00
CVE-2023-53726,updated,2026-08-04,cve_2023_to_2025,2026-08-04T09:36:43+00:00
CVE-2023-53729,updated,2026-08-04,cve_2023_to_2025,2026-08-04T09:36:43+00:00
CVE-2023-53733,updated,2026-08-04,cve_2023_to_2025,2026-08-04T09:36:43+00:00
CVE-2023-53747,updated,2026-08-04,cve_2023_to_2025,2026-08-04T09:36:43+00:00
CVE-2023-53748,updated,2026-08-04,cve_2023_to_2025,2026-08-04T09:36:43+00:00
CVE-2023-53751,updated,2026-08-04,cve_2023_to_2025,2026-08-04T09:36:43+00:00
CVE-2023-53752,updated,2026-08-04,cve_2023_to_2025,2026-08-04T09:36:43+00:00
CVE-2023-53753,updated,2026-08-04,cve_2023_to_2025,2026-08-04T09:36:43+00:00
CVE-2023-53759,updated,2026-08-04,cve_2023_to_2025,2026-08-04T09:36:43+00:00
CVE-2023-53762,updated,2026-08-04,cve_2023_to_2025,2026-08-04T09:36:43+00:00
CVE-2023-53763,updated,2026-08-04,cve_2023_to_2025,2026-08-04T09:36:43+00:00
CVE-2023-53764,updated,2026-08-04,cve_2023_to_2025,2026-08-04T09:36:43+00:00
CVE-2023-53768,updated,2026-08-04,cve_2023_to_2025,2026-08-04T09:36:43+00:00
CVE-2023-53769,updated,2026-08-04,cve_2023_to_2025,2026-08-04T09:36:43+00:00
CVE-2023-53778,updated,2026-08-04,cve_2023_to_2025,2026-08-04T09:36:43+00:00
CVE-2023-53781,updated,2026-08-04,cve_2023_to_2025,2026-08-04T09:36:43+00:00
CVE-2023-53785,updated,2026-08-04,cve_2023_to_2025,2026-08-04T09:36:43+00:00
CVE-2023-53790,updated,2026-08-04,cve_2023_to_2025,2026-08-04T09:36:43+00:00
CVE-2023-53794,updated,2026-08-04,cve_2023_to_2025,2026-08-04T09:36:43+00:00
CVE-2023-53795,updated,2026-08-04,cve_2023_to_2025,2026-08-04T09:36:43+00:00
CVE-2023-53797,updated,2026-08-04,cve_2023_to_2025,2026-08-04T09:36:43+00:00
CVE-2023-53800,updated,2026-08-04,cve_2023_to_2025,2026-08-04T09:36:43+00:00
CVE-2023-53803,updated,2026-08-04,cve_2023_to_2025,2026-08-04T09:36:43+00:00
CVE-2023-53804,updated,2026-08-04,cve_2023_to_2025,2026-08-04T09:36:43+00:00
CVE-2023-53806,updated,2026-08-04,cve_2023_to_2025,2026-08-04T09:36:43+00:00
CVE-2023-53810,updated,2026-08-04,cve_2023_to_2025,2026-08-04T09:36:43+00:00
CVE-2023-53816,updated,2026-08-04,cve_2023_to_2025,2026-08-04T09:36:43+00:00
CVE-2023-53817,updated,2026-08-04,cve_2023_to_2025,2026-08-04T09:36:43+00:00
CVE-2023-53819,updated,2026-08-04,cve_2023_to_2025,2026-08-04T09:36:43+00:00
CVE-2023-53822,updated,2026-08-04,cve_2023_to_2025,2026-08-04T09:36:43+00:00
CVE-2023-53823,updated,2026-08-04,cve_2023_to_2025,2026-08-04T09:36:43+00:00
CVE-2023-53824,updated,2026-08-04,cve_2023_to_2025,2026-08-04T09:36:43+00:00
CVE-2023-53827,updated,2026-08-04,cve_2023_to_2025,2026-08-04T09:36:43+00:00
CVE-2023-53828,updated,2026-08-04,cve_2023_to_2025,2026-08-04T09:36:43+00:00
CVE-2023-53829,updated,2026-08-04,cve_2023_to_2025,2026-08-04T09:36:43+00:00
CVE-2023-53836,updated,2026-08-04,cve_2023_to_2025,2026-08-04T09:36:43+00:00
CVE-2023-53838,updated,2026-08-04,cve_2023_to_2025,2026-08-04T09:36:43+00:00
CVE-2023-53844,updated,2026-08-04,cve_2023_to_2025,2026-08-04T09:36:43+00:00
CVE-2023-53846,updated,2026-08-04,cve_2023_to_2025,2026-08-04T09:36:43+00:00
CVE-2023-53851,updated,2026-08-04,cve_2023_to_2025,2026-08-04T09:36:43+00:00
CVE-2023-53860,updated,2026-08-04,cve_2023_to_2025,2026-08-04T09:36:43+00:00
CVE-2023-53862,updated,2026-08-04,cve_2023_to_2025,2026-08-04T09:36:43+00:00
CVE-2023-53866,updated,2026-08-04,cve_2023_to_2025,2026-08-04T09:36:43+00:00
CVE-2023-53867,updated,2026-08-04,cve_2023_to_2025,2026-08-04T09:36:43+00:00
CVE-2023-53986,updated,2026-08-04,cve_2023_to_2025,2026-08-04T09:36:43+00:00
CVE-2023-53988,updated,2026-08-04,cve_2023_to_2025,2026-08-04T09:36:43+00:00
CVE-2023-53990,updated,2026-08-04,cve_2023_to_2025,2026-08-04T09:36:43+00:00
CVE-2023-53996,updated,2026-08-04,cve_2023_to_2025,2026-08-04T09:36:43+00:00
CVE-2023-53997,updated,2026-08-04,cve_2023_to_2025,2026-08-04T09:36:43+00:00
CVE-2023-54004,updated,2026-08-04,cve_2023_to_2025,2026-08-04T09:36:43+00:00
CVE-2023-54012,updated,2026-08-04,cve_2023_to_2025,2026-08-04T09:36:43+00:00
CVE-2023-54019,updated,2026-08-04,cve_2023_to_2025,2026-08-04T09:36:43+00:00
CVE-2023-54026,updated,2026-08-04,cve_2023_to_2025,2026-08-04T09:36:43+00:00
CVE-2023-54035,updated,2026-08-04,cve_2023_to_2025,2026-08-04T09:36:43+00:00
CVE-2023-54040,updated,2026-08-04,cve_2023_to_2025,2026-08-04T09:36:43+00:00
CVE-2023-54042,updated,2026-08-04,cve_2023_to_2025,2026-08-04T09:36:43+00:00
CVE-2023-54043,updated,2026-08-04,cve_2023_to_2025,2026-08-04T09:36:43+00:00
CVE-2023-54046,updated,2026-08-04,cve_2023_to_2025,2026-08-04T09:36:43+00:00
CVE-2023-54048,updated,2026-08-04,cve_2023_to_2025,2026-08-04T09:36:43+00:00
CVE-2023-54050,updated,2026-08-04,cve_2023_to_2025,2026-08-04T09:36:43+00:00
CVE-2023-54060,updated,2026-08-04,cve_2023_to_2025,2026-08-04T09:36:43+00:00
CVE-2023-54062,updated,2026-08-04,cve_2023_to_2025,2026-08-04T09:36:43+00:00
CVE-2023-54063,updated,2026-08-04,cve_2023_to_2025,2026-08-04T09:36:43+00:00
CVE-2023-54065,updated,2026-08-04,cve_2023_to_2025,2026-08-04T09:36:43+00:00
CVE-2023-54067,updated,2026-08-04,cve_2023_to_2025,2026-08-04T09:36:43+00:00
CVE-2023-54068,updated,2026-08-04,cve_2023_to_2025,2026-08-04T09:36:43+00:00
CVE-2023-54071,updated,2026-08-04,cve_2023_to_2025,2026-08-04T09:36:43+00:00
CVE-2023-54074,updated,2026-08-04,cve_2023_to_2025,2026-08-04T09:36:43+00:00
CVE-2023-54076,updated,2026-08-04,cve_2023_to_2025,2026-08-04T09:36:43+00:00
CVE-2023-54077,updated,2026-08-04,cve_2023_to_2025,2026-08-04T09:36:43+00:00
CVE-2023-54079,updated,2026-08-04,cve_2023_to_2025,2026-08-04T09:36:43+00:00
CVE-2023-54083,updated,2026-08-04,cve_2023_to_2025,2026-08-04T09:36:43+00:00
CVE-2023-54085,updated,2026-08-04,cve_2023_to_2025,2026-08-04T09:36:43+00:00
CVE-2023-54088,updated,2026-08-04,cve_2023_to_2025,2026-08-04T09:36:43+00:00
CVE-2023-54090,updated,2026-08-04,cve_2023_to_2025,2026-08-04T09:36:43+00:00
CVE-2023-54092,updated,2026-08-04,cve_2023_to_2025,2026-08-04T09:36:43+00:00
CVE-2023-54094,updated,2026-08-04,cve_2023_to_2025,2026-08-04T09:36:43+00:00
CVE-2023-54095,updated,2026-08-04,cve_2023_to_2025,2026-08-04T09:36:43+00:00
CVE-2023-54096,updated,2026-08-04,cve_2023_to_2025,2026-08-04T09:36:43+00:00
CVE-2023-54098,updated,2026-08-04,cve_2023_to_2025,2026-08-04T09:36:43+00:00
CVE-2023-54100,updated,2026-08-04,cve_2023_to_2025,2026-08-04T09:36:43+00:00
CVE-2023-54104,updated,2026-08-04,cve_2023_to_2025,2026-08-04T09:36:43+00:00
CVE-2023-54107,updated,2026-08-04,cve_2023_to_2025,2026-08-04T09:36:43+00:00
CVE-2023-54116,updated,2026-08-04,cve_2023_to_2025,2026-08-04T09:36:43+00:00
CVE-2023-54120,updated,2026-08-04,cve_2023_to_2025,2026-08-04T09:36:43+00:00
CVE-2023-54121,updated,2026-08-04,cve_2023_to_2025,2026-08-04T09:36:43+00:00
CVE-2023-54124,updated,2026-08-04,cve_2023_to_2025,2026-08-04T09:36:43+00:00
CVE-2023-54125,updated,2026-08-04,cve_2023_to_2025,2026-08-04T09:36:43+00:00
CVE-2023-54127,updated,2026-08-04,cve_2023_to_2025,2026-08-04T09:36:43+00:00
CVE-2023-54128,updated,2026-08-04,cve_2023_to_2025,2026-08-04T09:36:43+00:00
CVE-2023-54129,updated,2026-08-04,cve_2023_to_2025,2026-08-04T09:36:43+00:00
CVE-2023-54130,updated,2026-08-04,cve_2023_to_2025,2026-08-04T09:36:43+00:00
CVE-2023-54132,updated,2026-08-04,cve_2023_to_2025,2026-08-04T09:36:43+00:00
CVE-2023-54135,updated,2026-08-04,cve_2023_to_2025,2026-08-04T09:36:43+00:00
CVE-2023-54139,updated,2026-08-04,cve_2023_to_2025,2026-08-04T09:36:43+00:00
CVE-2023-54140,updated,2026-08-04,cve_2023_to_2025,2026-08-04T09:36:43+00:00
CVE-2023-54142,updated,2026-08-04,cve_2023_to_2025,2026-08-04T09:36:43+00:00
CVE-2024-0012,updated,2026-08-04,cve_2023_to_2025,2026-08-04T09:36:43+00:00
CVE-2024-1102,updated,2026-08-04,cve_2023_to_2025,2026-08-04T09:36:43+00:00
CVE-2024-1132,updated,2026-08-04,cve_2023_to_2025,2026-08-04T09:36:43+00:00
CVE-2024-1635,updated,2026-08-04,cve_2023_to_2025,2026-08-04T09:36:43+00:00
CVE-2024-1708,updated,2026-08-04,cve_2023_to_2025,2026-08-04T09:36:43+00:00
CVE-2024-2700,updated,2026-08-04,cve_2023_to_2025,2026-08-04T09:36:43+00:00
CVE-2024-3094,updated,2026-08-04,cve_2023_to_2025,2026-08-04T09:36:43+00:00
CVE-2024-3884,updated,2026-08-04,cve_2023_to_2025,2026-08-04T09:36:43+00:00
CVE-2024-7341,updated,2026-08-04,cve_2023_to_2025,2026-08-04T09:36:43+00:00
CVE-2024-7885,updated,2026-08-04,cve_2023_to_2025,2026-08-04T09:36:43+00:00
CVE-2024-8698,updated,2026-08-04,cve_2023_to_2025,2026-08-04T09:36:43+00:00
CVE-2024-8883,updated,2026-08-04,cve_2023_to_2025,2026-08-04T09:36:43+00:00
CVE-2024-9474,updated,2026-08-04,cve_2023_to_2025,2026-08-04T09:36:43+00:00
CVE-2024-9666,updated,2026-08-04,cve_2023_to_2025,2026-08-04T09:36:43+00:00
CVE-2024-9680,updated,2026-08-04,cve_2023_to_2025,2026-08-04T09:36:43+00:00
CVE-2024-10234,updated,2026-08-04,cve_2023_to_2025,2026-08-04T09:36:43+00:00
CVE-2024-10270,updated,2026-08-04,cve_2023_to_2025,2026-08-04T09:36:43+00:00
CVE-2024-10451,updated,2026-08-04,cve_2023_to_2025,2026-08-04T09:36:43+00:00
CVE-2024-10492,updated,2026-08-04,cve_2023_to_2025,2026-08-04T09:36:43+00:00
CVE-2024-10973,updated,2026-08-04,cve_2023_to_2025,2026-08-04T09:36:43+00:00
CVE-2024-11734,updated,2026-08-04,cve_2023_to_2025,2026-08-04T09:36:43+00:00
CVE-2024-11736,updated,2026-08-04,cve_2023_to_2025,2026-08-04T09:36:43+00:00
CVE-2024-12369,updated,2026-08-04,cve_2023_to_2025,2026-08-04T09:36:43+00:00
CVE-2024-12397,updated,2026-08-04,cve_2023_to_2025,2026-08-04T09:36:43+00:00
CVE-2024-21539,updated,2026-08-03,cve_2023_to_2025,2026-08-04T09:36:43+00:00
CVE-2024-21542,updated,2026-08-03,cve_2023_to_2025,2026-08-04T09:36:43+00:00
CVE-2024-21762,updated,2026-08-04,cve_2023_to_2025,2026-08-04T09:36:43+00:00
CVE-2024-21887,updated,2026-08-04,cve_2023_to_2025,2026-08-04T09:36:43+00:00
CVE-2024-21893,updated,2026-08-04,cve_2023_to_2025,2026-08-04T09:36:43+00:00
CVE-2024-30088,updated,2026-08-04,cve_2023_to_2025,2026-08-04T09:36:43+00:00
CVE-2024-41713,updated,2026-08-04,cve_2023_to_2025,2026-08-04T09:36:43+00:00
CVE-2024-49039,updated,2026-08-04,cve_2023_to_2025,2026-08-04T09:36:43+00:00
CVE-2024-51567,updated,2026-08-04,cve_2023_to_2025,2026-08-04T09:36:43+00:00
CVE-2024-53704,updated,2026-08-04,cve_2023_to_2025,2026-08-04T09:36:43+00:00
CVE-2024-55550,updated,2026-08-04,cve_2023_to_2025,2026-08-04T09:36:43+00:00
CVE-2024-57726,updated,2026-08-04,cve_2023_to_2025,2026-08-04T09:36:43+00:00
CVE-2024-57727,updated,2026-08-04,cve_2023_to_2025,2026-08-04T09:36:43+00:00
CVE-2024-57728,updated,2026-08-04,cve_2023_to_2025,2026-08-04T09:36:43+00:00
CVE-2025-0282,updated,2026-08-04,cve_2023_to_2025,2026-08-04T09:36:43+00:00
CVE-2025-0604,updated,2026-08-04,cve_2023_to_2025,2026-08-04T09:36:43+00:00
CVE-2025-1025,updated,2026-08-03,cve_2023_to_2025,2026-08-04T09:36:43+00:00
CVE-2025-1247,updated,2026-08-04,cve_2023_to_2025,2026-08-04T09:36:43+00:00
CVE-2025-2240,updated,2026-08-04,cve_2023_to_2025,2026-08-04T09:36:43+00:00
CVE-2025-2691,updated,2026-08-03,cve_2023_to_2025,2026-08-04T09:36:43+00:00
CVE-2025-2786,updated,2026-08-04,cve_2023_to_2025,2026-08-04T09:36:43+00:00
CVE-2025-2842,updated,2026-08-04,cve_2023_to_2025,2026-08-04T09:36:43+00:00
CVE-2025-4373,updated,2026-08-03,cve_2023_to_2025,2026-08-04T09:36:43+00:00
CVE-2025-5278,updated,2026-08-04,cve_2023_to_2025,2026-08-04T09:36:43+00:00
CVE-2025-5318,updated,2026-08-04,cve_2023_to_2025,2026-08-04T09:36:43+00:00
CVE-2025-5777,updated,2026-08-04,cve_2023_to_2025,2026-08-04T09:36:43+00:00
CVE-2025-5914,updated,2026-08-04,cve_2023_to_2025,2026-08-04T09:36:43+00:00
CVE-2025-6020,updated,2026-08-03,cve_2023_to_2025,2026-08-04T09:36:43+00:00
CVE-2025-7425,updated,2026-08-04,cve_2023_to_2025,2026-08-04T09:36:43+00:00
CVE-2025-8264,updated,2026-08-03,cve_2023_to_2025,2026-08-04T09:36:43+00:00
CVE-2025-9291,added,,cve_2023_to_2025,2026-08-04T09:36:43+00:00
CVE-2025-10035,updated,2026-08-04,cve_2023_to_2025,2026-08-04T09:36:43+00:00
CVE-2025-10263,updated,2026-08-03,cve_2023_to_2025,2026-08-04T09:36:43+00:00
CVE-2025-13465,updated,2026-08-03,cve_2023_to_2025,2026-08-04T09:36:43+00:00
CVE-2025-14073,updated,2026-08-03,cve_2023_to_2025,2026-08-04T09:36:43+00:00
CVE-2025-14469,updated,2026-08-03,cve_2023_to_2025,2026-08-04T09:36:43+00:00
CVE-2025-15467,updated,2026-08-03,cve_2023_to_2025,2026-08-04T09:36:43+00:00
CVE-2025-15544,added,,cve_2023_to_2025,2026-08-04T09:36:43+00:00
CVE-2025-15627,added,,cve_2023_to_2025,2026-08-04T09:36:43+00:00
CVE-2025-15628,added,,cve_2023_to_2025,2026-08-04T09:36:43+00:00
CVE-2025-15629,added,,cve_2023_to_2025,2026-08-04T09:36:43+00:00
CVE-2025-15630,added,,cve_2023_to_2025,2026-08-04T09:36:43+00:00
CVE-2025-15631,added,,cve_2023_to_2025,2026-08-04T09:36:43+00:00
CVE-2025-15669,updated,2026-08-03,cve_2023_to_2025,2026-08-04T09:36:43+00:00
CVE-2025-15675,updated,2026-08-03,cve_2023_to_2025,2026-08-04T09:36:43+00:00
CVE-2025-22225,updated,2026-08-04,cve_2023_to_2025,2026-08-04T09:36:43+00:00
CVE-2025-22457,updated,2026-08-04,cve_2023_to_2025,2026-08-04T09:36:43+00:00
CVE-2025-23006,updated,2026-08-04,cve_2023_to_2025,2026-08-04T09:36:43+00:00
CVE-2025-23366,updated,2026-08-04,cve_2023_to_2025,2026-08-04T09:36:43+00:00
CVE-2025-23367,updated,2026-08-04,cve_2023_to_2025,2026-08-04T09:36:43+00:00
CVE-2025-23368,updated,2026-08-04,cve_2023_to_2025,2026-08-04T09:36:43+00:00
CVE-2025-26399,updated,2026-08-04,cve_2023_to_2025,2026-08-04T09:36:43+00:00
CVE-2025-31324,updated,2026-08-04,cve_2023_to_2025,2026-08-04T09:36:43+00:00
CVE-2025-41118,updated,2026-08-03,cve_2023_to_2025,2026-08-04T09:36:43+00:00
CVE-2025-48431,updated,2026-08-03,cve_2023_to_2025,2026-08-04T09:36:43+00:00
CVE-2025-49706,updated,2026-08-04,cve_2023_to_2025,2026-08-04T09:36:43+00:00
CVE-2025-53770,updated,2026-08-04,cve_2023_to_2025,2026-08-04T09:36:43+00:00
CVE-2025-55182,updated,2026-08-04,cve_2023_to_2025,2026-08-04T09:36:43+00:00
CVE-2025-61140,updated,2026-08-03,cve_2023_to_2025,2026-08-04T09:36:43+00:00
CVE-2025-61726,updated,2026-08-03,cve_2023_to_2025,2026-08-04T09:36:43+00:00
CVE-2025-61731,updated,2026-08-03,cve_2023_to_2025,2026-08-04T09:36:43+00:00
CVE-2025-61732,updated,2026-08-03,cve_2023_to_2025,2026-08-04T09:36:43+00:00
CVE-2025-61882,updated,2026-08-04,cve_2023_to_2025,2026-08-04T09:36:43+00:00
CVE-2025-61884,updated,2026-08-04,cve_2023_to_2025,2026-08-04T09:36:43+00:00
CVE-2025-62718,updated,2026-08-03,cve_2023_to_2025,2026-08-04T09:36:43+00:00
CVE-2025-69223,updated,2026-08-03,cve_2023_to_2025,2026-08-04T09:36:43+00:00
CVE-2025-69873,updated,2026-08-03,cve_2023_to_2025,2026-08-04T09:36:43+00:00
CVE-2025-69931,updated,2026-08-03,cve_2023_to_2025,2026-08-04T09:36:43+00:00
CVE-2025-69946,updated,2026-08-03,cve_2023_to_2025,2026-08-04T09:36:43+00:00
CVE-2025-69948,updated,2026-08-03,cve_2023_to_2025,2026-08-04T09:36:43+00:00
CVE-2025-71399,updated,2026-08-03,cve_2023_to_2025,2026-08-04T09:36:43+00:00
CVE-2025-71400,updated,2026-08-03,cve_2023_to_2025,2026-08-04T09:36:43+00:00
CVE-2025-71401,updated,2026-08-03,cve_2023_to_2025,2026-08-04T09:36:43+00:00
CVE-2025-71402,updated,2026-08-03,cve_2023_to_2025,2026-08-04T09:36:43+00:00
CVE-2025-71403,updated,2026-08-03,cve_2023_to_2025,2026-08-04T09:36:43+00:00
CVE-2025-71404,updated,2026-08-03,cve_2023_to_2025,2026-08-04T09:36:43+00:00
CVE-2026-0392,updated,,cve_2026_to_now,2026-08-04T09:36:43+00:00
CVE-2026-1519,updated,2026-08-03,cve_2026_to_now,2026-08-04T09:36:43+00:00
CVE-2026-1784,updated,2026-08-04,cve_2026_to_now,2026-08-04T09:36:43+00:00
CVE-2026-2332,updated,2026-08-03,cve_2026_to_now,2026-08-04T09:36:43+00:00
CVE-2026-2346,added,,cve_2026_to_now,2026-08-04T09:36:43+00:00
CVE-2026-2377,updated,2026-08-03,cve_2026_to_now,2026-08-04T09:36:43+00:00
CVE-2026-2411,updated,2026-08-03,cve_2026_to_now,2026-08-04T09:36:43+00:00
CVE-2026-2916,updated,2026-08-03,cve_2026_to_now,2026-08-04T09:36:43+00:00
CVE-2026-3009,updated,2026-08-03,cve_2026_to_now,2026-08-04T09:36:43+00:00
CVE-2026-3141,updated,2026-08-03,cve_2026_to_now,2026-08-04T09:36:43+00:00
CVE-2026-3245,updated,2026-08-03,cve_2026_to_now,2026-08-04T09:36:43+00:00
CVE-2026-4598,updated,2026-08-03,cve_2026_to_now,2026-08-04T09:36:43+00:00
CVE-2026-4599,updated,2026-08-03,cve_2026_to_now,2026-08-04T09:36:43+00:00
CVE-2026-4600,updated,2026-08-03,cve_2026_to_now,2026-08-04T09:36:43+00:00
CVE-2026-4601,updated,2026-08-03,cve_2026_to_now,2026-08-04T09:36:43+00:00
CVE-2026-4602,updated,2026-08-03,cve_2026_to_now,2026-08-04T09:36:43+00:00
CVE-2026-4793,updated,,cve_2026_to_now,2026-08-04T09:36:43+00:00
CVE-2026-4800,updated,2026-08-03,cve_2026_to_now,2026-08-04T09:36:43+00:00
CVE-2026-4878,updated,2026-08-04,cve_2026_to_now,2026-08-04T09:36:43+00:00
CVE-2026-4926,updated,2026-08-03,cve_2026_to_now,2026-08-04T09:36:43+00:00
CVE-2026-5795,updated,2026-08-03,cve_2026_to_now,2026-08-04T09:36:43+00:00
CVE-2026-6322,updated,2026-08-03,cve_2026_to_now,2026-08-04T09:36:43+00:00
CVE-2026-6453,updated,2026-08-03,cve_2026_to_now,2026-08-04T09:36:43+00:00
CVE-2026-6473,updated,2026-08-03,cve_2026_to_now,2026-08-04T09:36:43+00:00
CVE-2026-6477,updated,2026-08-03,cve_2026_to_now,2026-08-04T09:36:43+00:00
CVE-2026-6478,updated,2026-08-03,cve_2026_to_now,2026-08-04T09:36:43+00:00
CVE-2026-6694,updated,,cve_2026_to_now,2026-08-04T09:36:43+00:00
CVE-2026-6695,updated,,cve_2026_to_now,2026-08-04T09:36:43+00:00
CVE-2026-6734,updated,2026-08-03,cve_2026_to_now,2026-08-04T09:36:43+00:00
CVE-2026-6837,added,,cve_2026_to_now,2026-08-04T09:36:43+00:00
CVE-2026-6857,updated,2026-08-03,cve_2026_to_now,2026-08-04T09:36:43+00:00
CVE-2026-7163,updated,2026-08-03,cve_2026_to_now,2026-08-04T09:36:43+00:00
CVE-2026-7374,updated,2026-08-03,cve_2026_to_now,2026-08-04T09:36:43+00:00
CVE-2026-7623,updated,2026-08-03,cve_2026_to_now,2026-08-04T09:36:43+00:00
CVE-2026-8457,updated,2026-08-03,cve_2026_to_now,2026-08-04T09:36:43+00:00
CVE-2026-8508,added,,cve_2026_to_now,2026-08-04T09:36:43+00:00
CVE-2026-8643,updated,2026-08-03,cve_2026_to_now,2026-08-04T09:36:43+00:00
CVE-2026-8763,updated,,cve_2026_to_now,2026-08-04T09:36:43+00:00
CVE-2026-8793,updated,,cve_2026_to_now,2026-08-04T09:36:43+00:00
CVE-2026-8794,updated,,cve_2026_to_now,2026-08-04T09:36:43+00:00
CVE-2026-9044,updated,2026-08-04,cve_2026_to_now,2026-08-04T09:36:43+00:00
CVE-2026-9087,updated,2026-08-03,cve_2026_to_now,2026-08-04T09:36:43+00:00
CVE-2026-9147,updated,2026-08-03,cve_2026_to_now,2026-08-04T09:36:43+00:00
CVE-2026-9219,updated,2026-08-03,cve_2026_to_now,2026-08-04T09:36:43+00:00
CVE-2026-9220,updated,2026-08-03,cve_2026_to_now,2026-08-04T09:36:43+00:00
CVE-2026-9221,updated,2026-08-03,cve_2026_to_now,2026-08-04T09:36:43+00:00
CVE-2026-9222,updated,2026-08-03,cve_2026_to_now,2026-08-04T09:36:43+00:00
CVE-2026-9277,updated,2026-08-03,cve_2026_to_now,2026-08-04T09:36:43+00:00
CVE-2026-9335,updated,2026-08-03,cve_2026_to_now,2026-08-04T09:36:43+00:00
CVE-2026-9390,added,,cve_2026_to_now,2026-08-04T09:36:43+00:00
CVE-2026-9487,added,,cve_2026_to_now,2026-08-04T09:36:43+00:00
CVE-2026-9593,updated,,cve_2026_to_now,2026-08-04T09:36:43+00:00
CVE-2026-9804,updated,2026-08-03,cve_2026_to_now,2026-08-04T09:36:43+00:00
CVE-2026-9856,updated,2026-08-03,cve_2026_to_now,2026-08-04T09:36:43+00:00
CVE-2026-10143,updated,2026-08-03,cve_2026_to_now,2026-08-04T09:36:43+00:00
CVE-2026-10526,added,,cve_2026_to_now,2026-08-04T09:36:43+00:00
CVE-2026-10773,updated,2026-08-03,cve_2026_to_now,2026-08-04T09:36:43+00:00
CVE-2026-10774,updated,2026-08-03,cve_2026_to_now,2026-08-04T09:36:43+00:00
CVE-2026-10782,updated,2026-08-03,cve_2026_to_now,2026-08-04T09:36:43+00:00
CVE-2026-10840,updated,2026-08-03,cve_2026_to_now,2026-08-04T09:36:43+00:00
CVE-2026-10848,updated,2026-08-03,cve_2026_to_now,2026-08-04T09:36:43+00:00
CVE-2026-10849,added,,cve_2026_to_now,2026-08-04T09:36:43+00:00
CVE-2026-11366,added,,cve_2026_to_now,2026-08-04T09:36:43+00:00
CVE-2026-11835,added,,cve_2026_to_now,2026-08-04T09:36:43+00:00
CVE-2026-11836,added,,cve_2026_to_now,2026-08-04T09:36:43+00:00
CVE-2026-11995,updated,2026-08-03,cve_2026_to_now,2026-08-04T09:36:43+00:00
CVE-2026-11998,updated,2026-08-03,cve_2026_to_now,2026-08-04T09:36:43+00:00
CVE-2026-12143,updated,2026-08-03,cve_2026_to_now,2026-08-04T09:36:43+00:00
CVE-2026-12185,updated,2026-08-04,cve_2026_to_now,2026-08-04T09:36:43+00:00
CVE-2026-12188,updated,2026-08-03,cve_2026_to_now,2026-08-04T09:36:43+00:00
CVE-2026-12231,updated,2026-08-03,cve_2026_to_now,2026-08-04T09:36:43+00:00
CVE-2026-12259,updated,,cve_2026_to_now,2026-08-04T09:36:43+00:00
CVE-2026-12696,updated,2026-08-03,cve_2026_to_now,2026-08-04T09:36:43+00:00
CVE-2026-12698,added,,cve_2026_to_now,2026-08-04T09:36:43+00:00
CVE-2026-12802,updated,,cve_2026_to_now,2026-08-04T09:36:43+00:00
CVE-2026-12803,updated,,cve_2026_to_now,2026-08-04T09:36:43+00:00
CVE-2026-12816,updated,,cve_2026_to_now,2026-08-04T09:36:43+00:00
CVE-2026-12817,updated,,cve_2026_to_now,2026-08-04T09:36:43+00:00
CVE-2026-12852,updated,,cve_2026_to_now,2026-08-04T09:36:43+00:00
CVE-2026-12860,updated,,cve_2026_to_now,2026-08-04T09:36:43+00:00
CVE-2026-12912,updated,2026-08-03,cve_2026_to_now,2026-08-04T09:36:43+00:00
CVE-2026-12965,updated,,cve_2026_to_now,2026-08-04T09:36:43+00:00
CVE-2026-12966,updated,2026-08-03,cve_2026_to_now,2026-08-04T09:36:43+00:00
CVE-2026-13151,removed,,cve_2026_to_now,2026-08-04T09:36:43+00:00
CVE-2026-13329,updated,2026-08-03,cve_2026_to_now,2026-08-04T09:36:43+00:00
CVE-2026-13339,updated,2026-08-03,cve_2026_to_now,2026-08-04T09:36:43+00:00
CVE-2026-13340,updated,,cve_2026_to_now,2026-08-04T09:36:43+00:00
CVE-2026-13362,updated,2026-08-03,cve_2026_to_now,2026-08-04T09:36:43+00:00
CVE-2026-13389,updated,2026-08-03,cve_2026_to_now,2026-08-04T09:36:43+00:00
CVE-2026-13458,updated,2026-08-03,cve_2026_to_now,2026-08-04T09:36:43+00:00
CVE-2026-13506,updated,,cve_2026_to_now,2026-08-04T09:36:43+00:00
CVE-2026-13584,updated,2026-08-04,cve_2026_to_now,2026-08-04T09:36:43+00:00
CVE-2026-13586,updated,,cve_2026_to_now,2026-08-04T09:36:43+00:00
CVE-2026-13596,updated,2026-08-03,cve_2026_to_now,2026-08-04T09:36:43+00:00
CVE-2026-13601,updated,2026-08-03,cve_2026_to_now,2026-08-04T09:36:43+00:00
CVE-2026-13676,updated,2026-08-03,cve_2026_to_now,2026-08-04T09:36:43+00:00
CVE-2026-13757,updated,2026-08-03,cve_2026_to_now,2026-08-04T09:36:43+00:00
CVE-2026-14175,added,,cve_2026_to_now,2026-08-04T09:36:43+00:00
CVE-2026-14192,added,,cve_2026_to_now,2026-08-04T09:36:43+00:00
CVE-2026-14194,added,,cve_2026_to_now,2026-08-04T09:36:43+00:00
CVE-2026-14202,added,,cve_2026_to_now,2026-08-04T09:36:43+00:00
CVE-2026-14219,added,,cve_2026_to_now,2026-08-04T09:36:43+00:00
CVE-2026-14292,updated,2026-08-03,cve_2026_to_now,2026-08-04T09:36:43+00:00
CVE-2026-14315,updated,2026-08-03,cve_2026_to_now,2026-08-04T09:36:43+00:00
CVE-2026-14465,added,,cve_2026_to_now,2026-08-04T09:36:43+00:00
CVE-2026-14474,updated,2026-08-04,cve_2026_to_now,2026-08-04T09:36:43+00:00
CVE-2026-14476,updated,2026-08-04,cve_2026_to_now,2026-08-04T09:36:43+00:00
CVE-2026-14561,updated,2026-08-03,cve_2026_to_now,2026-08-04T09:36:43+00:00
CVE-2026-14682,updated,,cve_2026_to_now,2026-08-04T09:36:43+00:00
CVE-2026-14804,added,,cve_2026_to_now,2026-08-04T09:36:43+00:00
CVE-2026-14816,added,,cve_2026_to_now,2026-08-04T09:36:43+00:00
CVE-2026-14818,added,,cve_2026_to_now,2026-08-04T09:36:43+00:00
CVE-2026-14824,added,,cve_2026_to_now,2026-08-04T09:36:43+00:00
CVE-2026-14838,added,,cve_2026_to_now,2026-08-04T09:36:43+00:00
CVE-2026-14839,updated,2026-08-03,cve_2026_to_now,2026-08-04T09:36:43+00:00
CVE-2026-14841,updated,2026-08-03,cve_2026_to_now,2026-08-04T09:36:43+00:00
CVE-2026-14848,added,,cve_2026_to_now,2026-08-04T09:36:43+00:00
CVE-2026-14864,updated,2026-08-03,cve_2026_to_now,2026-08-04T09:36:43+00:00
CVE-2026-14872,added,,cve_2026_to_now,2026-08-04T09:36:43+00:00
CVE-2026-14939,added,,cve_2026_to_now,2026-08-04T09:36:43+00:00
CVE-2026-15006,updated,2026-08-03,cve_2026_to_now,2026-08-04T09:36:43+00:00
CVE-2026-15018,updated,2026-08-03,cve_2026_to_now,2026-08-04T09:36:43+00:00
CVE-2026-15052,updated,2026-08-03,cve_2026_to_now,2026-08-04T09:36:43+00:00
CVE-2026-15055,updated,,cve_2026_to_now,2026-08-04T09:36:43+00:00
CVE-2026-15151,updated,2026-08-03,cve_2026_to_now,2026-08-04T09:36:43+00:00
CVE-2026-15206,updated,2026-08-03,cve_2026_to_now,2026-08-04T09:36:43+00:00
CVE-2026-15233,added,,cve_2026_to_now,2026-08-04T09:36:43+00:00
CVE-2026-15234,updated,2026-08-03,cve_2026_to_now,2026-08-04T09:36:43+00:00
CVE-2026-15236,updated,2026-08-03,cve_2026_to_now,2026-08-04T09:36:43+00:00
CVE-2026-15241,updated,2026-08-03,cve_2026_to_now,2026-08-04T09:36:43+00:00
CVE-2026-15254,updated,,cve_2026_to_now,2026-08-04T09:36:43+00:00
CVE-2026-15260,updated,,cve_2026_to_now,2026-08-04T09:36:43+00:00
CVE-2026-15262,updated,2026-08-03,cve_2026_to_now,2026-08-04T09:36:43+00:00
CVE-2026-15383,updated,,cve_2026_to_now,2026-08-04T09:36:43+00:00
CVE-2026-15385,updated,2026-08-03,cve_2026_to_now,2026-08-04T09:36:43+00:00
CVE-2026-15403,updated,2026-08-03,cve_2026_to_now,2026-08-04T09:36:43+00:00
CVE-2026-15409,updated,2026-08-04,cve_2026_to_now,2026-08-04T09:36:43+00:00
CVE-2026-15410,updated,2026-08-04,cve_2026_to_now,2026-08-04T09:36:43+00:00
CVE-2026-15414,updated,2026-08-03,cve_2026_to_now,2026-08-04T09:36:43+00:00
CVE-2026-15430,added,,cve_2026_to_now,2026-08-04T09:36:43+00:00
CVE-2026-15450,updated,2026-08-03,cve_2026_to_now,2026-08-04T09:36:43+00:00
CVE-2026-15601,updated,2026-08-03,cve_2026_to_now,2026-08-04T09:36:43+00:00
CVE-2026-15644,updated,2026-08-03,cve_2026_to_now,2026-08-04T09:36:43+00:00
CVE-2026-15645,updated,2026-08-03,cve_2026_to_now,2026-08-04T09:36:43+00:00
CVE-2026-15649,updated,2026-08-03,cve_2026_to_now,2026-08-04T09:36:43+00:00
CVE-2026-15662,updated,2026-08-03,cve_2026_to_now,2026-08-04T09:36:43+00:00
CVE-2026-15721,added,,cve_2026_to_now,2026-08-04T09:36:43+00:00
CVE-2026-15930,updated,,cve_2026_to_now,2026-08-04T09:36:43+00:00
CVE-2026-15931,updated,,cve_2026_to_now,2026-08-04T09:36:43+00:00
CVE-2026-15950,updated,2026-08-03,cve_2026_to_now,2026-08-04T09:36:43+00:00
CVE-2026-15951,updated,2026-08-03,cve_2026_to_now,2026-08-04T09:36:43+00:00
CVE-2026-15958,added,,cve_2026_to_now,2026-08-04T09:36:43+00:00
CVE-2026-15964,updated,2026-08-03,cve_2026_to_now,2026-08-04T09:36:43+00:00
CVE-2026-15988,updated,2026-08-03,cve_2026_to_now,2026-08-04T09:36:43+00:00
CVE-2026-16035,added,,cve_2026_to_now,2026-08-04T09:36:43+00:00
CVE-2026-16056,added,,cve_2026_to_now,2026-08-04T09:36:43+00:00
CVE-2026-16063,updated,2026-08-03,cve_2026_to_now,2026-08-04T09:36:43+00:00
CVE-2026-16064,updated,2026-08-03,cve_2026_to_now,2026-08-04T09:36:43+00:00
CVE-2026-16068,added,,cve_2026_to_now,2026-08-04T09:36:43+00:00
CVE-2026-16069,added,,cve_2026_to_now,2026-08-04T09:36:43+00:00
CVE-2026-16070,added,,cve_2026_to_now,2026-08-04T09:36:43+00:00
CVE-2026-16087,updated,2026-08-03,cve_2026_to_now,2026-08-04T09:36:43+00:00
CVE-2026-16090,updated,2026-08-03,cve_2026_to_now,2026-08-04T09:36:43+00:00
CVE-2026-16091,updated,2026-08-03,cve_2026_to_now,2026-08-04T09:36:43+00:00
CVE-2026-16144,updated,2026-08-03,cve_2026_to_now,2026-08-04T09:36:43+00:00
CVE-2026-16242,updated,2026-08-04,cve_2026_to_now,2026-08-04T09:36:43+00:00
CVE-2026-16261,updated,2026-08-03,cve_2026_to_now,2026-08-04T09:36:43+00:00
CVE-2026-16273,updated,2026-08-03,cve_2026_to_now,2026-08-04T09:36:43+00:00
CVE-2026-16285,updated,2026-08-03,cve_2026_to_now,2026-08-04T09:36:43+00:00
CVE-2026-16289,updated,,cve_2026_to_now,2026-08-04T09:36:43+00:00
CVE-2026-16293,added,,cve_2026_to_now,2026-08-04T09:36:43+00:00
CVE-2026-16295,added,,cve_2026_to_now,2026-08-04T09:36:43+00:00
CVE-2026-16296,added,,cve_2026_to_now,2026-08-04T09:36:43+00:00
CVE-2026-16297,updated,,cve_2026_to_now,2026-08-04T09:36:43+00:00
CVE-2026-16300,updated,,cve_2026_to_now,2026-08-04T09:36:43+00:00
CVE-2026-16503,updated,2026-08-03,cve_2026_to_now,2026-08-04T09:36:43+00:00
CVE-2026-16504,updated,2026-08-03,cve_2026_to_now,2026-08-04T09:36:43+00:00
CVE-2026-16532,updated,,cve_2026_to_now,2026-08-04T09:36:43+00:00
CVE-2026-16534,updated,,cve_2026_to_now,2026-08-04T09:36:43+00:00
CVE-2026-16536,added,,cve_2026_to_now,2026-08-04T09:36:43+00:00
CVE-2026-16539,updated,,cve_2026_to_now,2026-08-04T09:36:43+00:00
CVE-2026-16540,updated,2026-08-03,cve_2026_to_now,2026-08-04T09:36:43+00:00
CVE-2026-16546,added,,cve_2026_to_now,2026-08-04T09:36:43+00:00
CVE-2026-16547,added,,cve_2026_to_now,2026-08-04T09:36:43+00:00
CVE-2026-16548,added,,cve_2026_to_now,2026-08-04T09:36:43+00:00
CVE-2026-16563,updated,,cve_2026_to_now,2026-08-04T09:36:43+00:00
CVE-2026-16564,updated,,cve_2026_to_now,2026-08-04T09:36:43+00:00
CVE-2026-16565,updated,,cve_2026_to_now,2026-08-04T09:36:43+00:00
CVE-2026-16572,updated,,cve_2026_to_now,2026-08-04T09:36:43+00:00
CVE-2026-16614,updated,2026-08-03,cve_2026_to_now,2026-08-04T09:36:43+00:00
CVE-2026-16618,added,,cve_2026_to_now,2026-08-04T09:36:43+00:00
CVE-2026-16623,added,,cve_2026_to_now,2026-08-04T09:36:43+00:00
CVE-2026-16635,updated,2026-08-03,cve_2026_to_now,2026-08-04T09:36:43+00:00
CVE-2026-16684,updated,2026-08-03,cve_2026_to_now,2026-08-04T09:36:43+00:00
CVE-2026-16685,updated,2026-08-03,cve_2026_to_now,2026-08-04T09:36:43+00:00
CVE-2026-16743,updated,2026-08-03,cve_2026_to_now,2026-08-04T09:36:43+00:00
CVE-2026-16881,added,,cve_2026_to_now,2026-08-04T09:36:43+00:00
CVE-2026-17107,updated,2026-08-04,cve_2026_to_now,2026-08-04T09:36:43+00:00
CVE-2026-17555,updated,2026-08-03,cve_2026_to_now,2026-08-04T09:36:43+00:00
CVE-2026-17571,updated,2026-08-03,cve_2026_to_now,2026-08-04T09:36:43+00:00
CVE-2026-17580,updated,2026-08-03,cve_2026_to_now,2026-08-04T09:36:43+00:00
CVE-2026-17605,updated,2026-08-03,cve_2026_to_now,2026-08-04T09:36:43+00:00
CVE-2026-17614,added,,cve_2026_to_now,2026-08-04T09:36:43+00:00
CVE-2026-17729,updated,2026-08-03,cve_2026_to_now,2026-08-04T09:36:43+00:00
CVE-2026-17738,updated,2026-08-03,cve_2026_to_now,2026-08-04T09:36:43+00:00
CVE-2026-17743,updated,2026-08-03,cve_2026_to_now,2026-08-04T09:36:43+00:00
CVE-2026-17748,updated,2026-08-03,cve_2026_to_now,2026-08-04T09:36:43+00:00
CVE-2026-17749,updated,2026-08-03,cve_2026_to_now,2026-08-04T09:36:43+00:00
CVE-2026-17754,updated,2026-08-03,cve_2026_to_now,2026-08-04T09:36:43+00:00
CVE-2026-17755,updated,2026-08-03,cve_2026_to_now,2026-08-04T09:36:43+00:00
CVE-2026-17756,updated,2026-08-03,cve_2026_to_now,2026-08-04T09:36:43+00:00
CVE-2026-17787,updated,2026-08-03,cve_2026_to_now,2026-08-04T09:36:43+00:00
CVE-2026-17841,updated,2026-08-03,cve_2026_to_now,2026-08-04T09:36:43+00:00
CVE-2026-18059,updated,2026-08-03,cve_2026_to_now,2026-08-04T09:36:43+00:00
CVE-2026-18062,updated,2026-08-03,cve_2026_to_now,2026-08-04T09:36:43+00:00
CVE-2026-18089,added,,cve_2026_to_now,2026-08-04T09:36:43+00:00
CVE-2026-18092,added,,cve_2026_to_now,2026-08-04T09:36:43+00:00
CVE-2026-18108,added,,cve_2026_to_now,2026-08-04T09:36:43+00:00
CVE-2026-18186,updated,2026-08-04,cve_2026_to_now,2026-08-04T09:36:43+00:00
CVE-2026-18187,updated,2026-08-04,cve_2026_to_now,2026-08-04T09:36:43+00:00
CVE-2026-18188,updated,2026-08-04,cve_2026_to_now,2026-08-04T09:36:43+00:00
CVE-2026-18243,added,,cve_2026_to_now,2026-08-04T09:36:43+00:00
CVE-2026-18248,added,,cve_2026_to_now,2026-08-04T09:36:43+00:00
CVE-2026-18344,updated,2026-08-03,cve_2026_to_now,2026-08-04T09:36:43+00:00
CVE-2026-18352,updated,2026-08-03,cve_2026_to_now,2026-08-04T09:36:43+00:00
CVE-2026-18435,updated,2026-08-03,cve_2026_to_now,2026-08-04T09:36:43+00:00
CVE-2026-18477,added,2026-08-04,cve_2026_to_now,2026-08-04T09:36:43+00:00
CVE-2026-18508,added,,cve_2026_to_now,2026-08-04T09:36:43+00:00
CVE-2026-18536,updated,2026-08-03,cve_2026_to_now,2026-08-04T09:36:43+00:00
CVE-2026-18556,updated,2026-08-03,cve_2026_to_now,2026-08-04T09:36:43+00:00
CVE-2026-18568,added,,cve_2026_to_now,2026-08-04T09:36:43+00:00
CVE-2026-18569,added,,cve_2026_to_now,2026-08-04T09:36:43+00:00
CVE-2026-18570,updated,2026-08-03,cve_2026_to_now,2026-08-04T09:36:43+00:00
CVE-2026-18571,updated,2026-08-03,cve_2026_to_now,2026-08-04T09:36:43+00:00
CVE-2026-18572,updated,2026-08-03,cve_2026_to_now,2026-08-04T09:36:43+00:00
CVE-2026-18573,updated,2026-08-03,cve_2026_to_now,2026-08-04T09:36:43+00:00
CVE-2026-18574,added,,cve_2026_to_now,2026-08-04T09:36:43+00:00
CVE-2026-18577,updated,2026-08-04,cve_2026_to_now,2026-08-04T09:36:43+00:00
CVE-2026-18581,updated,,cve_2026_to_now,2026-08-04T09:36:43+00:00
CVE-2026-18582,updated,,cve_2026_to_now,2026-08-04T09:36:43+00:00
CVE-2026-18583,updated,,cve_2026_to_now,2026-08-04T09:36:43+00:00
CVE-2026-18584,updated,,cve_2026_to_now,2026-08-04T09:36:43+00:00
CVE-2026-18585,updated,,cve_2026_to_now,2026-08-04T09:36:43+00:00
CVE-2026-18587,updated,,cve_2026_to_now,2026-08-04T09:36:43+00:00
CVE-2026-18588,updated,,cve_2026_to_now,2026-08-04T09:36:43+00:00
CVE-2026-18589,updated,,cve_2026_to_now,2026-08-04T09:36:43+00:00
CVE-2026-18590,updated,,cve_2026_to_now,2026-08-04T09:36:43+00:00
CVE-2026-18591,updated,,cve_2026_to_now,2026-08-04T09:36:43+00:00
CVE-2026-18592,updated,,cve_2026_to_now,2026-08-04T09:36:43+00:00
CVE-2026-18593,updated,,cve_2026_to_now,2026-08-04T09:36:43+00:00
CVE-2026-18598,added,,cve_2026_to_now,2026-08-04T09:36:43+00:00
CVE-2026-18599,added,,cve_2026_to_now,2026-08-04T09:36:43+00:00
CVE-2026-18600,added,,cve_2026_to_now,2026-08-04T09:36:43+00:00
CVE-2026-18601,added,,cve_2026_to_now,2026-08-04T09:36:43+00:00
CVE-2026-18602,added,,cve_2026_to_now,2026-08-04T09:36:43+00:00
CVE-2026-18604,added,,cve_2026_to_now,2026-08-04T09:36:43+00:00
CVE-2026-18605,added,,cve_2026_to_now,2026-08-04T09:36:43+00:00
CVE-2026-18606,added,,cve_2026_to_now,2026-08-04T09:36:43+00:00
CVE-2026-18607,added,,cve_2026_to_now,2026-08-04T09:36:43+00:00
CVE-2026-18610,added,,cve_2026_to_now,2026-08-04T09:36:43+00:00
CVE-2026-18612,added,,cve_2026_to_now,2026-08-04T09:36:43+00:00
CVE-2026-18613,added,,cve_2026_to_now,2026-08-04T09:36:43+00:00
CVE-2026-18614,added,,cve_2026_to_now,2026-08-04T09:36:43+00:00
CVE-2026-18615,added,,cve_2026_to_now,2026-08-04T09:36:43+00:00
CVE-2026-18616,added,,cve_2026_to_now,2026-08-04T09:36:43+00:00
CVE-2026-18631,added,,cve_2026_to_now,2026-08-04T09:36:43+00:00
CVE-2026-18632,added,,cve_2026_to_now,2026-08-04T09:36:43+00:00
CVE-2026-18641,added,,cve_2026_to_now,2026-08-04T09:36:43+00:00
CVE-2026-18642,added,,cve_2026_to_now,2026-08-04T09:36:43+00:00
CVE-2026-18644,added,,cve_2026_to_now,2026-08-04T09:36:43+00:00
CVE-2026-18645,added,,cve_2026_to_now,2026-08-04T09:36:43+00:00
CVE-2026-18646,added,,cve_2026_to_now,2026-08-04T09:36:43+00:00
CVE-2026-18647,added,,cve_2026_to_now,2026-08-04T09:36:43+00:00
CVE-2026-18648,added,,cve_2026_to_now,2026-08-04T09:36:43+00:00
CVE-2026-18651,added,,cve_2026_to_now,2026-08-04T09:36:43+00:00
CVE-2026-18654,added,,cve_2026_to_now,2026-08-04T09:36:43+00:00
CVE-2026-18655,added,,cve_2026_to_now,2026-08-04T09:36:43+00:00
CVE-2026-18667,added,,cve_2026_to_now,2026-08-04T09:36:43+00:00
CVE-2026-18682,added,,cve_2026_to_now,2026-08-04T09:36:43+00:00
CVE-2026-18684,added,,cve_2026_to_now,2026-08-04T09:36:43+00:00
CVE-2026-18685,added,,cve_2026_to_now,2026-08-04T09:36:43+00:00
CVE-2026-18686,added,,cve_2026_to_now,2026-08-04T09:36:43+00:00
CVE-2026-18718,added,,cve_2026_to_now,2026-08-04T09:36:43+00:00
CVE-2026-18719,added,,cve_2026_to_now,2026-08-04T09:36:43+00:00
CVE-2026-18720,added,,cve_2026_to_now,2026-08-04T09:36:43+00:00
CVE-2026-18721,added,,cve_2026_to_now,2026-08-04T09:36:43+00:00
CVE-2026-18722,added,,cve_2026_to_now,2026-08-04T09:36:43+00:00
CVE-2026-18723,added,,cve_2026_to_now,2026-08-04T09:36:43+00:00
CVE-2026-18733,added,,cve_2026_to_now,2026-08-04T09:36:43+00:00
CVE-2026-18736,added,,cve_2026_to_now,2026-08-04T09:36:43+00:00
CVE-2026-18737,added,,cve_2026_to_now,2026-08-04T09:36:43+00:00
CVE-2026-18738,added,,cve_2026_to_now,2026-08-04T09:36:43+00:00
CVE-2026-18739,added,,cve_2026_to_now,2026-08-04T09:36:43+00:00
CVE-2026-18753,added,,cve_2026_to_now,2026-08-04T09:36:43+00:00
CVE-2026-18754,added,,cve_2026_to_now,2026-08-04T09:36:43+00:00
CVE-2026-18755,added,,cve_2026_to_now,2026-08-04T09:36:43+00:00
CVE-2026-18759,added,,cve_2026_to_now,2026-08-04T09:36:43+00:00
CVE-2026-18772,added,,cve_2026_to_now,2026-08-04T09:36:43+00:00
CVE-2026-20464,updated,,cve_2026_to_now,2026-08-04T09:36:43+00:00
CVE-2026-20465,updated,,cve_2026_to_now,2026-08-04T09:36:43+00:00
CVE-2026-20466,updated,,cve_2026_to_now,2026-08-04T09:36:43+00:00
CVE-2026-20467,updated,,cve_2026_to_now,2026-08-04T09:36:43+00:00
CVE-2026-20468,updated,,cve_2026_to_now,2026-08-04T09:36:43+00:00
CVE-2026-20469,updated,,cve_2026_to_now,2026-08-04T09:36:43+00:00
CVE-2026-20470,updated,,cve_2026_to_now,2026-08-04T09:36:43+00:00
CVE-2026-20471,updated,,cve_2026_to_now,2026-08-04T09:36:43+00:00
CVE-2026-20472,updated,,cve_2026_to_now,2026-08-04T09:36:43+00:00
CVE-2026-20473,updated,,cve_2026_to_now,2026-08-04T09:36:43+00:00
CVE-2026-20474,updated,,cve_2026_to_now,2026-08-04T09:36:43+00:00
CVE-2026-20475,updated,,cve_2026_to_now,2026-08-04T09:36:43+00:00
CVE-2026-20476,updated,,cve_2026_to_now,2026-08-04T09:36:43+00:00
CVE-2026-20477,updated,,cve_2026_to_now,2026-08-04T09:36:43+00:00
CVE-2026-20478,updated,,cve_2026_to_now,2026-08-04T09:36:43+00:00
CVE-2026-20479,updated,,cve_2026_to_now,2026-08-04T09:36:43+00:00
CVE-2026-20480,updated,,cve_2026_to_now,2026-08-04T09:36:43+00:00
CVE-2026-20481,updated,,cve_2026_to_now,2026-08-04T09:36:43+00:00
CVE-2026-20482,updated,,cve_2026_to_now,2026-08-04T09:36:43+00:00
CVE-2026-20483,updated,,cve_2026_to_now,2026-08-04T09:36:43+00:00
CVE-2026-20484,updated,,cve_2026_to_now,2026-08-04T09:36:43+00:00
CVE-2026-20485,updated,,cve_2026_to_now,2026-08-04T09:36:43+00:00
CVE-2026-20486,updated,,cve_2026_to_now,2026-08-04T09:36:43+00:00
CVE-2026-20488,updated,,cve_2026_to_now,2026-08-04T09:36:43+00:00
CVE-2026-20489,updated,,cve_2026_to_now,2026-08-04T09:36:43+00:00
CVE-2026-20490,updated,,cve_2026_to_now,2026-08-04T09:36:43+00:00
CVE-2026-20491,updated,,cve_2026_to_now,2026-08-04T09:36:43+00:00
CVE-2026-20492,updated,,cve_2026_to_now,2026-08-04T09:36:43+00:00
CVE-2026-20493,updated,,cve_2026_to_now,2026-08-04T09:36:43+00:00
CVE-2026-20494,updated,,cve_2026_to_now,2026-08-04T09:36:43+00:00
CVE-2026-20495,updated,,cve_2026_to_now,2026-08-04T09:36:43+00:00
CVE-2026-20496,updated,,cve_2026_to_now,2026-08-04T09:36:43+00:00
CVE-2026-20497,updated,,cve_2026_to_now,2026-08-04T09:36:43+00:00
CVE-2026-20498,updated,,cve_2026_to_now,2026-08-04T09:36:43+00:00
CVE-2026-21441,updated,2026-08-03,cve_2026_to_now,2026-08-04T09:36:43+00:00
CVE-2026-21548,updated,,cve_2026_to_now,2026-08-04T09:36:43+00:00
CVE-2026-21549,updated,,cve_2026_to_now,2026-08-04T09:36:43+00:00
CVE-2026-21550,updated,,cve_2026_to_now,2026-08-04T09:36:43+00:00
CVE-2026-21551,updated,,cve_2026_to_now,2026-08-04T09:36:43+00:00
CVE-2026-21552,updated,,cve_2026_to_now,2026-08-04T09:36:43+00:00
CVE-2026-21553,updated,,cve_2026_to_now,2026-08-04T09:36:43+00:00
CVE-2026-21554,updated,,cve_2026_to_now,2026-08-04T09:36:43+00:00
CVE-2026-21555,updated,,cve_2026_to_now,2026-08-04T09:36:43+00:00
CVE-2026-21728,updated,2026-08-03,cve_2026_to_now,2026-08-04T09:36:43+00:00
CVE-2026-22029,updated,2026-08-03,cve_2026_to_now,2026-08-04T09:36:43+00:00
CVE-2026-22797,updated,2026-08-03,cve_2026_to_now,2026-08-04T09:36:43+00:00
CVE-2026-23490,updated,2026-08-03,cve_2026_to_now,2026-08-04T09:36:43+00:00
CVE-2026-23745,updated,2026-08-03,cve_2026_to_now,2026-08-04T09:36:43+00:00
CVE-2026-23760,updated,2026-08-04,cve_2026_to_now,2026-08-04T09:36:43+00:00
CVE-2026-24049,updated,2026-08-03,cve_2026_to_now,2026-08-04T09:36:43+00:00
CVE-2026-24423,updated,2026-08-04,cve_2026_to_now,2026-08-04T09:36:43+00:00
CVE-2026-24842,updated,2026-08-03,cve_2026_to_now,2026-08-04T09:36:43+00:00
CVE-2026-25535,updated,2026-08-03,cve_2026_to_now,2026-08-04T09:36:43+00:00
CVE-2026-25639,updated,2026-08-03,cve_2026_to_now,2026-08-04T09:36:43+00:00
CVE-2026-25679,updated,2026-08-03,cve_2026_to_now,2026-08-04T09:36:43+00:00
CVE-2026-25755,updated,2026-08-03,cve_2026_to_now,2026-08-04T09:36:43+00:00
CVE-2026-25896,updated,2026-08-03,cve_2026_to_now,2026-08-04T09:36:43+00:00
CVE-2026-25940,updated,2026-08-03,cve_2026_to_now,2026-08-04T09:36:43+00:00
CVE-2026-26145,updated,2026-08-03,cve_2026_to_now,2026-08-04T09:36:43+00:00
CVE-2026-26278,updated,2026-08-03,cve_2026_to_now,2026-08-04T09:36:43+00:00
CVE-2026-27137,updated,2026-08-03,cve_2026_to_now,2026-08-04T09:36:43+00:00
CVE-2026-27145,updated,2026-08-03,cve_2026_to_now,2026-08-04T09:36:43+00:00
CVE-2026-27459,updated,2026-08-03,cve_2026_to_now,2026-08-04T09:36:43+00:00
CVE-2026-27889,updated,2026-08-03,cve_2026_to_now,2026-08-04T09:36:43+00:00
CVE-2026-28147,updated,,cve_2026_to_now,2026-08-04T09:36:43+00:00
CVE-2026-28498,updated,2026-08-03,cve_2026_to_now,2026-08-04T09:36:43+00:00
CVE-2026-29063,updated,2026-08-03,cve_2026_to_now,2026-08-04T09:36:43+00:00
CVE-2026-29074,updated,2026-08-03,cve_2026_to_now,2026-08-04T09:36:43+00:00
CVE-2026-29181,updated,2026-08-03,cve_2026_to_now,2026-08-04T09:36:43+00:00
CVE-2026-29785,updated,2026-08-03,cve_2026_to_now,2026-08-04T09:36:43+00:00
CVE-2026-30922,updated,2026-08-03,cve_2026_to_now,2026-08-04T09:36:43+00:00
CVE-2026-31812,updated,2026-08-03,cve_2026_to_now,2026-08-04T09:36:43+00:00
CVE-2026-31898,updated,2026-08-03,cve_2026_to_now,2026-08-04T09:36:43+00:00
CVE-2026-31938,updated,2026-08-03,cve_2026_to_now,2026-08-04T09:36:43+00:00
CVE-2026-32274,updated,2026-08-03,cve_2026_to_now,2026-08-04T09:36:43+00:00
CVE-2026-32280,updated,2026-08-03,cve_2026_to_now,2026-08-04T09:36:43+00:00
CVE-2026-32283,updated,2026-08-03,cve_2026_to_now,2026-08-04T09:36:43+00:00
CVE-2026-32285,updated,2026-08-03,cve_2026_to_now,2026-08-04T09:36:43+00:00
CVE-2026-32286,updated,2026-08-03,cve_2026_to_now,2026-08-04T09:36:43+00:00
CVE-2026-32589,updated,2026-08-03,cve_2026_to_now,2026-08-04T09:36:43+00:00
CVE-2026-32591,updated,2026-08-03,cve_2026_to_now,2026-08-04T09:36:43+00:00
CVE-2026-32597,updated,2026-08-03,cve_2026_to_now,2026-08-04T09:36:43+00:00
CVE-2026-32829,updated,2026-08-03,cve_2026_to_now,2026-08-04T09:36:43+00:00
CVE-2026-33186,updated,2026-08-03,cve_2026_to_now,2026-08-04T09:36:43+00:00
CVE-2026-33211,updated,2026-08-03,cve_2026_to_now,2026-08-04T09:36:43+00:00
CVE-2026-33216,updated,2026-08-03,cve_2026_to_now,2026-08-04T09:36:43+00:00
CVE-2026-33217,updated,2026-08-03,cve_2026_to_now,2026-08-04T09:36:43+00:00
CVE-2026-33218,updated,2026-08-03,cve_2026_to_now,2026-08-04T09:36:43+00:00
CVE-2026-33219,updated,2026-08-03,cve_2026_to_now,2026-08-04T09:36:43+00:00
CVE-2026-33247,updated,2026-08-03,cve_2026_to_now,2026-08-04T09:36:43+00:00
CVE-2026-33487,updated,2026-08-03,cve_2026_to_now,2026-08-04T09:36:43+00:00
CVE-2026-33591,updated,,cve_2026_to_now,2026-08-04T09:36:43+00:00
CVE-2026-33810,updated,2026-08-03,cve_2026_to_now,2026-08-04T09:36:43+00:00
CVE-2026-33811,updated,2026-08-03,cve_2026_to_now,2026-08-04T09:36:43+00:00
CVE-2026-33814,updated,2026-08-03,cve_2026_to_now,2026-08-04T09:36:43+00:00
CVE-2026-33815,updated,2026-08-03,cve_2026_to_now,2026-08-04T09:36:43+00:00
CVE-2026-33816,updated,2026-08-03,cve_2026_to_now,2026-08-04T09:36:43+00:00
CVE-2026-33842,updated,2026-08-03,cve_2026_to_now,2026-08-04T09:36:43+00:00
CVE-2026-33894,updated,2026-08-03,cve_2026_to_now,2026-08-04T09:36:43+00:00
CVE-2026-33997,updated,2026-08-03,cve_2026_to_now,2026-08-04T09:36:43+00:00
CVE-2026-34328,updated,2026-08-03,cve_2026_to_now,2026-08-04T09:36:43+00:00
CVE-2026-34346,updated,2026-08-03,cve_2026_to_now,2026-08-04T09:36:43+00:00
CVE-2026-34348,updated,2026-08-03,cve_2026_to_now,2026-08-04T09:36:43+00:00
CVE-2026-34349,updated,2026-08-03,cve_2026_to_now,2026-08-04T09:36:43+00:00
CVE-2026-34641,updated,2026-08-04,cve_2026_to_now,2026-08-04T09:36:43+00:00
CVE-2026-34986,updated,2026-08-03,cve_2026_to_now,2026-08-04T09:36:43+00:00
CVE-2026-34993,updated,2026-08-03,cve_2026_to_now,2026-08-04T09:36:43+00:00
CVE-2026-35072,updated,2026-08-04,cve_2026_to_now,2026-08-04T09:36:43+00:00
CVE-2026-35073,updated,2026-08-04,cve_2026_to_now,2026-08-04T09:36:43+00:00
CVE-2026-35074,updated,2026-08-04,cve_2026_to_now,2026-08-04T09:36:43+00:00
CVE-2026-35153,updated,2026-08-04,cve_2026_to_now,2026-08-04T09:36:43+00:00
CVE-2026-35154,updated,2026-08-04,cve_2026_to_now,2026-08-04T09:36:43+00:00
CVE-2026-35273,updated,2026-08-04,cve_2026_to_now,2026-08-04T09:36:43+00:00
CVE-2026-35425,updated,2026-08-03,cve_2026_to_now,2026-08-04T09:36:43+00:00
CVE-2026-35469,updated,2026-08-03,cve_2026_to_now,2026-08-04T09:36:43+00:00
CVE-2026-38444,added,,cve_2026_to_now,2026-08-04T09:36:43+00:00
CVE-2026-38446,added,,cve_2026_to_now,2026-08-04T09:36:43+00:00
CVE-2026-38447,added,,cve_2026_to_now,2026-08-04T09:36:43+00:00
CVE-2026-38708,updated,2026-08-03,cve_2026_to_now,2026-08-04T09:36:43+00:00
CVE-2026-38710,updated,2026-08-03,cve_2026_to_now,2026-08-04T09:36:43+00:00
CVE-2026-38711,updated,2026-08-03,cve_2026_to_now,2026-08-04T09:36:43+00:00
CVE-2026-38713,updated,2026-08-03,cve_2026_to_now,2026-08-04T09:36:43+00:00
CVE-2026-39820,updated,2026-08-03,cve_2026_to_now,2026-08-04T09:36:43+00:00
CVE-2026-39821,updated,2026-08-03,cve_2026_to_now,2026-08-04T09:36:43+00:00
CVE-2026-39828,updated,2026-08-03,cve_2026_to_now,2026-08-04T09:36:43+00:00
CVE-2026-39829,updated,2026-08-03,cve_2026_to_now,2026-08-04T09:36:43+00:00
CVE-2026-39830,updated,2026-08-03,cve_2026_to_now,2026-08-04T09:36:43+00:00
CVE-2026-39832,updated,2026-08-03,cve_2026_to_now,2026-08-04T09:36:43+00:00
CVE-2026-39835,updated,2026-08-03,cve_2026_to_now,2026-08-04T09:36:43+00:00
CVE-2026-39892,updated,2026-08-03,cve_2026_to_now,2026-08-04T09:36:43+00:00
CVE-2026-39931,added,,cve_2026_to_now,2026-08-04T09:36:43+00:00
CVE-2026-39932,added,,cve_2026_to_now,2026-08-04T09:36:43+00:00
CVE-2026-40175,updated,2026-08-03,cve_2026_to_now,2026-08-04T09:36:43+00:00
CVE-2026-40192,updated,2026-08-03,cve_2026_to_now,2026-08-04T09:36:43+00:00
CVE-2026-40293,updated,2026-08-03,cve_2026_to_now,2026-08-04T09:36:43+00:00
CVE-2026-40378,updated,2026-08-03,cve_2026_to_now,2026-08-04T09:36:43+00:00
CVE-2026-40400,updated,2026-08-03,cve_2026_to_now,2026-08-04T09:36:43+00:00
CVE-2026-40422,updated,2026-08-03,cve_2026_to_now,2026-08-04T09:36:43+00:00
CVE-2026-40717,added,,cve_2026_to_now,2026-08-04T09:36:43+00:00
CVE-2026-40895,updated,2026-08-03,cve_2026_to_now,2026-08-04T09:36:43+00:00
CVE-2026-40938,updated,2026-08-03,cve_2026_to_now,2026-08-04T09:36:43+00:00
CVE-2026-41087,updated,2026-08-03,cve_2026_to_now,2026-08-04T09:36:43+00:00
CVE-2026-41106,updated,2026-08-03,cve_2026_to_now,2026-08-04T09:36:43+00:00
CVE-2026-41109,updated,2026-08-03,cve_2026_to_now,2026-08-04T09:36:43+00:00
CVE-2026-41447,added,,cve_2026_to_now,2026-08-04T09:36:43+00:00
CVE-2026-41452,added,,cve_2026_to_now,2026-08-04T09:36:43+00:00
CVE-2026-41453,added,,cve_2026_to_now,2026-08-04T09:36:43+00:00
CVE-2026-41567,updated,2026-08-03,cve_2026_to_now,2026-08-04T09:36:43+00:00
CVE-2026-41602,updated,2026-08-03,cve_2026_to_now,2026-08-04T09:36:43+00:00
CVE-2026-41604,updated,2026-08-03,cve_2026_to_now,2026-08-04T09:36:43+00:00
CVE-2026-41605,updated,2026-08-03,cve_2026_to_now,2026-08-04T09:36:43+00:00
CVE-2026-41606,updated,2026-08-03,cve_2026_to_now,2026-08-04T09:36:43+00:00
CVE-2026-41607,updated,2026-08-03,cve_2026_to_now,2026-08-04T09:36:43+00:00
CVE-2026-41674,updated,2026-08-03,cve_2026_to_now,2026-08-04T09:36:43+00:00
CVE-2026-41940,updated,2026-08-04,cve_2026_to_now,2026-08-04T09:36:43+00:00
CVE-2026-42006,updated,2026-08-03,cve_2026_to_now,2026-08-04T09:36:43+00:00
CVE-2026-42033,updated,2026-08-03,cve_2026_to_now,2026-08-04T09:36:43+00:00
CVE-2026-42039,updated,2026-08-03,cve_2026_to_now,2026-08-04T09:36:43+00:00
CVE-2026-42041,updated,2026-08-03,cve_2026_to_now,2026-08-04T09:36:43+00:00
CVE-2026-42044,updated,2026-08-03,cve_2026_to_now,2026-08-04T09:36:43+00:00
CVE-2026-42151,updated,2026-08-03,cve_2026_to_now,2026-08-04T09:36:43+00:00
CVE-2026-42154,updated,2026-08-03,cve_2026_to_now,2026-08-04T09:36:43+00:00
CVE-2026-42169,added,,cve_2026_to_now,2026-08-04T09:36:43+00:00
CVE-2026-42264,updated,2026-08-03,cve_2026_to_now,2026-08-04T09:36:43+00:00
CVE-2026-42338,updated,2026-08-03,cve_2026_to_now,2026-08-04T09:36:43+00:00
CVE-2026-42499,updated,2026-08-03,cve_2026_to_now,2026-08-04T09:36:43+00:00
CVE-2026-42508,updated,2026-08-03,cve_2026_to_now,2026-08-04T09:36:43+00:00
CVE-2026-42579,updated,2026-08-03,cve_2026_to_now,2026-08-04T09:36:43+00:00
CVE-2026-42587,updated,2026-08-03,cve_2026_to_now,2026-08-04T09:36:43+00:00
CVE-2026-42880,updated,2026-08-03,cve_2026_to_now,2026-08-04T09:36:43+00:00
CVE-2026-42900,updated,2026-08-03,cve_2026_to_now,2026-08-04T09:36:43+00:00
CVE-2026-42975,updated,2026-08-03,cve_2026_to_now,2026-08-04T09:36:43+00:00
CVE-2026-42982,updated,2026-08-03,cve_2026_to_now,2026-08-04T09:36:43+00:00
CVE-2026-42990,updated,2026-08-03,cve_2026_to_now,2026-08-04T09:36:43+00:00
CVE-2026-43329,updated,2026-08-03,cve_2026_to_now,2026-08-04T09:36:43+00:00
CVE-2026-43833,updated,2026-08-03,cve_2026_to_now,2026-08-04T09:36:43+00:00
CVE-2026-43869,updated,2026-08-03,cve_2026_to_now,2026-08-04T09:36:43+00:00
CVE-2026-44168,updated,2026-08-03,cve_2026_to_now,2026-08-04T09:36:43+00:00
CVE-2026-44170,updated,2026-08-03,cve_2026_to_now,2026-08-04T09:36:43+00:00
CVE-2026-44173,updated,2026-08-03,cve_2026_to_now,2026-08-04T09:36:43+00:00
CVE-2026-44221,updated,2026-08-03,cve_2026_to_now,2026-08-04T09:36:43+00:00
CVE-2026-44248,updated,2026-08-03,cve_2026_to_now,2026-08-04T09:36:43+00:00
CVE-2026-44249,updated,2026-08-03,cve_2026_to_now,2026-08-04T09:36:43+00:00
CVE-2026-44293,updated,2026-08-03,cve_2026_to_now,2026-08-04T09:36:43+00:00
CVE-2026-44486,updated,2026-08-03,cve_2026_to_now,2026-08-04T09:36:43+00:00
CVE-2026-44487,updated,2026-08-03,cve_2026_to_now,2026-08-04T09:36:43+00:00
CVE-2026-44488,updated,2026-08-03,cve_2026_to_now,2026-08-04T09:36:43+00:00
CVE-2026-44492,updated,2026-08-03,cve_2026_to_now,2026-08-04T09:36:43+00:00
CVE-2026-44494,updated,2026-08-03,cve_2026_to_now,2026-08-04T09:36:43+00:00
CVE-2026-44495,updated,2026-08-03,cve_2026_to_now,2026-08-04T09:36:43+00:00
CVE-2026-44496,updated,2026-08-03,cve_2026_to_now,2026-08-04T09:36:43+00:00
CVE-2026-44800,updated,2026-08-03,cve_2026_to_now,2026-08-04T09:36:43+00:00
CVE-2026-44806,updated,2026-08-03,cve_2026_to_now,2026-08-04T09:36:43+00:00
CVE-2026-44990,updated,2026-08-03,cve_2026_to_now,2026-08-04T09:36:43+00:00
CVE-2026-45086,updated,2026-08-03,cve_2026_to_now,2026-08-04T09:36:43+00:00
CVE-2026-45292,updated,2026-08-03,cve_2026_to_now,2026-08-04T09:36:43+00:00
CVE-2026-45321,updated,2026-08-04,cve_2026_to_now,2026-08-04T09:36:43+00:00
CVE-2026-45330,updated,2026-08-03,cve_2026_to_now,2026-08-04T09:36:43+00:00
CVE-2026-45376,updated,2026-08-03,cve_2026_to_now,2026-08-04T09:36:43+00:00
CVE-2026-45416,updated,2026-08-03,cve_2026_to_now,2026-08-04T09:36:43+00:00
CVE-2026-45447,updated,2026-08-03,cve_2026_to_now,2026-08-04T09:36:43+00:00
CVE-2026-45488,updated,2026-08-03,cve_2026_to_now,2026-08-04T09:36:43+00:00
CVE-2026-45489,updated,2026-08-03,cve_2026_to_now,2026-08-04T09:36:43+00:00
CVE-2026-45496,updated,2026-08-03,cve_2026_to_now,2026-08-04T09:36:43+00:00
CVE-2026-45499,updated,2026-08-03,cve_2026_to_now,2026-08-04T09:36:43+00:00
CVE-2026-45646,updated,2026-08-03,cve_2026_to_now,2026-08-04T09:36:43+00:00
CVE-2026-45736,updated,2026-08-03,cve_2026_to_now,2026-08-04T09:36:43+00:00
CVE-2026-46116,updated,2026-08-03,cve_2026_to_now,2026-08-04T09:36:43+00:00
CVE-2026-46384,updated,2026-08-03,cve_2026_to_now,2026-08-04T09:36:43+00:00
CVE-2026-46385,updated,2026-08-03,cve_2026_to_now,2026-08-04T09:36:43+00:00
CVE-2026-46579,updated,2026-08-04,cve_2026_to_now,2026-08-04T09:36:43+00:00
CVE-2026-46595,updated,2026-08-03,cve_2026_to_now,2026-08-04T09:36:43+00:00
CVE-2026-46712,added,,cve_2026_to_now,2026-08-04T09:36:43+00:00
CVE-2026-46713,added,,cve_2026_to_now,2026-08-04T09:36:43+00:00
CVE-2026-46714,added,,cve_2026_to_now,2026-08-04T09:36:43+00:00
CVE-2026-47211,added,,cve_2026_to_now,2026-08-04T09:36:43+00:00
CVE-2026-47282,updated,2026-08-03,cve_2026_to_now,2026-08-04T09:36:43+00:00
CVE-2026-47290,updated,2026-08-03,cve_2026_to_now,2026-08-04T09:36:43+00:00
CVE-2026-47295,updated,2026-08-03,cve_2026_to_now,2026-08-04T09:36:43+00:00
CVE-2026-47296,updated,2026-08-03,cve_2026_to_now,2026-08-04T09:36:43+00:00
CVE-2026-47300,updated,2026-08-03,cve_2026_to_now,2026-08-04T09:36:43+00:00
CVE-2026-47301,updated,2026-08-03,cve_2026_to_now,2026-08-04T09:36:43+00:00
CVE-2026-47302,updated,2026-08-03,cve_2026_to_now,2026-08-04T09:36:43+00:00
CVE-2026-47303,updated,2026-08-03,cve_2026_to_now,2026-08-04T09:36:43+00:00
CVE-2026-47304,updated,2026-08-03,cve_2026_to_now,2026-08-04T09:36:43+00:00
CVE-2026-47305,updated,2026-08-03,cve_2026_to_now,2026-08-04T09:36:43+00:00
CVE-2026-47632,updated,2026-08-03,cve_2026_to_now,2026-08-04T09:36:43+00:00
CVE-2026-47642,updated,2026-08-03,cve_2026_to_now,2026-08-04T09:36:43+00:00
CVE-2026-47746,added,,cve_2026_to_now,2026-08-04T09:36:43+00:00
CVE-2026-48027,updated,2026-08-04,cve_2026_to_now,2026-08-04T09:36:43+00:00
CVE-2026-48031,added,,cve_2026_to_now,2026-08-04T09:36:43+00:00
CVE-2026-48061,added,,cve_2026_to_now,2026-08-04T09:36:43+00:00
CVE-2026-48063,added,,cve_2026_to_now,2026-08-04T09:36:43+00:00
CVE-2026-48113,added,,cve_2026_to_now,2026-08-04T09:36:43+00:00
CVE-2026-48115,added,,cve_2026_to_now,2026-08-04T09:36:43+00:00
CVE-2026-48163,updated,2026-08-03,cve_2026_to_now,2026-08-04T09:36:43+00:00
CVE-2026-48165,updated,2026-08-03,cve_2026_to_now,2026-08-04T09:36:43+00:00
CVE-2026-48317,added,,cve_2026_to_now,2026-08-04T09:36:43+00:00
CVE-2026-48323,added,,cve_2026_to_now,2026-08-04T09:36:43+00:00
CVE-2026-48326,added,,cve_2026_to_now,2026-08-04T09:36:43+00:00
CVE-2026-48330,added,,cve_2026_to_now,2026-08-04T09:36:43+00:00
CVE-2026-48331,added,,cve_2026_to_now,2026-08-04T09:36:43+00:00
CVE-2026-48333,added,,cve_2026_to_now,2026-08-04T09:36:43+00:00
CVE-2026-48399,added,,cve_2026_to_now,2026-08-04T09:36:43+00:00
CVE-2026-48448,updated,2026-08-03,cve_2026_to_now,2026-08-04T09:36:43+00:00
CVE-2026-48449,updated,2026-08-03,cve_2026_to_now,2026-08-04T09:36:43+00:00
CVE-2026-48561,updated,2026-08-03,cve_2026_to_now,2026-08-04T09:36:43+00:00
CVE-2026-48564,updated,2026-08-03,cve_2026_to_now,2026-08-04T09:36:43+00:00
CVE-2026-48571,updated,2026-08-03,cve_2026_to_now,2026-08-04T09:36:43+00:00
CVE-2026-48572,updated,2026-08-03,cve_2026_to_now,2026-08-04T09:36:43+00:00
CVE-2026-48580,updated,2026-08-03,cve_2026_to_now,2026-08-04T09:36:43+00:00
CVE-2026-48581,updated,2026-08-03,cve_2026_to_now,2026-08-04T09:36:43+00:00
CVE-2026-48779,updated,2026-08-03,cve_2026_to_now,2026-08-04T09:36:43+00:00
CVE-2026-48859,updated,2026-08-03,cve_2026_to_now,2026-08-04T09:36:43+00:00
CVE-2026-48864,updated,2026-08-03,cve_2026_to_now,2026-08-04T09:36:43+00:00
CVE-2026-49131,added,,cve_2026_to_now,2026-08-04T09:36:43+00:00
CVE-2026-49132,added,,cve_2026_to_now,2026-08-04T09:36:43+00:00
CVE-2026-49159,updated,2026-08-03,cve_2026_to_now,2026-08-04T09:36:43+00:00
CVE-2026-49162,updated,2026-08-03,cve_2026_to_now,2026-08-04T09:36:43+00:00
CVE-2026-49164,updated,2026-08-03,cve_2026_to_now,2026-08-04T09:36:43+00:00
CVE-2026-49165,updated,2026-08-03,cve_2026_to_now,2026-08-04T09:36:43+00:00
CVE-2026-49166,updated,2026-08-03,cve_2026_to_now,2026-08-04T09:36:43+00:00
CVE-2026-49167,updated,2026-08-03,cve_2026_to_now,2026-08-04T09:36:43+00:00
CVE-2026-49168,updated,2026-08-03,cve_2026_to_now,2026-08-04T09:36:43+00:00
CVE-2026-49169,updated,2026-08-03,cve_2026_to_now,2026-08-04T09:36:43+00:00
CVE-2026-49170,updated,2026-08-03,cve_2026_to_now,2026-08-04T09:36:43+00:00
CVE-2026-49171,updated,2026-08-03,cve_2026_to_now,2026-08-04T09:36:43+00:00
CVE-2026-49172,updated,2026-08-03,cve_2026_to_now,2026-08-04T09:36:43+00:00
CVE-2026-49173,updated,2026-08-03,cve_2026_to_now,2026-08-04T09:36:43+00:00
CVE-2026-49174,updated,2026-08-03,cve_2026_to_now,2026-08-04T09:36:43+00:00
CVE-2026-49175,updated,2026-08-03,cve_2026_to_now,2026-08-04T09:36:43+00:00
CVE-2026-49176,updated,2026-08-03,cve_2026_to_now,2026-08-04T09:36:43+00:00
CVE-2026-49177,updated,2026-08-03,cve_2026_to_now,2026-08-04T09:36:43+00:00
CVE-2026-49178,updated,2026-08-03,cve_2026_to_now,2026-08-04T09:36:43+00:00
CVE-2026-49180,updated,2026-08-03,cve_2026_to_now,2026-08-04T09:36:43+00:00
CVE-2026-49181,updated,2026-08-03,cve_2026_to_now,2026-08-04T09:36:43+00:00
CVE-2026-49183,updated,2026-08-03,cve_2026_to_now,2026-08-04T09:36:43+00:00
CVE-2026-49184,updated,2026-08-03,cve_2026_to_now,2026-08-04T09:36:43+00:00
CVE-2026-49261,updated,2026-08-03,cve_2026_to_now,2026-08-04T09:36:43+00:00
CVE-2026-49783,updated,2026-08-03,cve_2026_to_now,2026-08-04T09:36:43+00:00
CVE-2026-49784,updated,2026-08-03,cve_2026_to_now,2026-08-04T09:36:43+00:00
CVE-2026-49787,updated,2026-08-03,cve_2026_to_now,2026-08-04T09:36:43+00:00
CVE-2026-49788,updated,2026-08-03,cve_2026_to_now,2026-08-04T09:36:43+00:00
CVE-2026-49789,updated,2026-08-03,cve_2026_to_now,2026-08-04T09:36:43+00:00
CVE-2026-49790,updated,2026-08-03,cve_2026_to_now,2026-08-04T09:36:43+00:00
CVE-2026-49791,updated,2026-08-03,cve_2026_to_now,2026-08-04T09:36:43+00:00
CVE-2026-49792,updated,2026-08-03,cve_2026_to_now,2026-08-04T09:36:43+00:00
CVE-2026-49793,updated,2026-08-03,cve_2026_to_now,2026-08-04T09:36:43+00:00
CVE-2026-49794,updated,2026-08-03,cve_2026_to_now,2026-08-04T09:36:43+00:00
CVE-2026-49795,updated,2026-08-03,cve_2026_to_now,2026-08-04T09:36:43+00:00
CVE-2026-49796,updated,2026-08-03,cve_2026_to_now,2026-08-04T09:36:43+00:00
CVE-2026-49797,updated,2026-08-03,cve_2026_to_now,2026-08-04T09:36:43+00:00
CVE-2026-49798,updated,2026-08-03,cve_2026_to_now,2026-08-04T09:36:43+00:00
CVE-2026-49799,updated,2026-08-03,cve_2026_to_now,2026-08-04T09:36:43+00:00
CVE-2026-49800,updated,2026-08-03,cve_2026_to_now,2026-08-04T09:36:43+00:00
CVE-2026-49801,updated,2026-08-03,cve_2026_to_now,2026-08-04T09:36:43+00:00
CVE-2026-49802,updated,2026-08-03,cve_2026_to_now,2026-08-04T09:36:43+00:00
CVE-2026-49803,updated,2026-08-03,cve_2026_to_now,2026-08-04T09:36:43+00:00
CVE-2026-49804,updated,2026-08-03,cve_2026_to_now,2026-08-04T09:36:43+00:00
CVE-2026-49805,updated,2026-08-03,cve_2026_to_now,2026-08-04T09:36:43+00:00
CVE-2026-49806,updated,2026-08-03,cve_2026_to_now,2026-08-04T09:36:43+00:00
CVE-2026-49807,updated,2026-08-03,cve_2026_to_now,2026-08-04T09:36:43+00:00
CVE-2026-49808,updated,2026-08-03,cve_2026_to_now,2026-08-04T09:36:43+00:00
CVE-2026-50010,updated,2026-08-03,cve_2026_to_now,2026-08-04T09:36:43+00:00
CVE-2026-50293,updated,2026-08-03,cve_2026_to_now,2026-08-04T09:36:43+00:00
CVE-2026-50294,updated,2026-08-03,cve_2026_to_now,2026-08-04T09:36:43+00:00
CVE-2026-50295,updated,2026-08-03,cve_2026_to_now,2026-08-04T09:36:43+00:00
CVE-2026-50296,updated,2026-08-03,cve_2026_to_now,2026-08-04T09:36:43+00:00
CVE-2026-50297,updated,2026-08-03,cve_2026_to_now,2026-08-04T09:36:43+00:00
CVE-2026-50298,updated,2026-08-03,cve_2026_to_now,2026-08-04T09:36:43+00:00
CVE-2026-50299,updated,2026-08-03,cve_2026_to_now,2026-08-04T09:36:43+00:00
CVE-2026-50300,updated,2026-08-03,cve_2026_to_now,2026-08-04T09:36:43+00:00
CVE-2026-50301,updated,2026-08-03,cve_2026_to_now,2026-08-04T09:36:43+00:00
CVE-2026-50302,updated,2026-08-03,cve_2026_to_now,2026-08-04T09:36:43+00:00
CVE-2026-50303,updated,2026-08-03,cve_2026_to_now,2026-08-04T09:36:43+00:00
CVE-2026-50304,updated,2026-08-03,cve_2026_to_now,2026-08-04T09:36:43+00:00
CVE-2026-50305,updated,2026-08-03,cve_2026_to_now,2026-08-04T09:36:43+00:00
CVE-2026-50306,updated,2026-08-03,cve_2026_to_now,2026-08-04T09:36:43+00:00
CVE-2026-50307,updated,2026-08-03,cve_2026_to_now,2026-08-04T09:36:43+00:00
CVE-2026-50308,updated,2026-08-03,cve_2026_to_now,2026-08-04T09:36:43+00:00
CVE-2026-50309,updated,2026-08-03,cve_2026_to_now,2026-08-04T09:36:43+00:00
CVE-2026-50310,updated,2026-08-03,cve_2026_to_now,2026-08-04T09:36:43+00:00
CVE-2026-50311,updated,2026-08-03,cve_2026_to_now,2026-08-04T09:36:43+00:00
CVE-2026-50312,updated,2026-08-03,cve_2026_to_now,2026-08-04T09:36:43+00:00
CVE-2026-50313,updated,2026-08-03,cve_2026_to_now,2026-08-04T09:36:43+00:00
CVE-2026-50314,updated,2026-08-03,cve_2026_to_now,2026-08-04T09:36:43+00:00
CVE-2026-50315,updated,2026-08-03,cve_2026_to_now,2026-08-04T09:36:43+00:00
CVE-2026-50316,updated,2026-08-03,cve_2026_to_now,2026-08-04T09:36:43+00:00
CVE-2026-50317,updated,2026-08-03,cve_2026_to_now,2026-08-04T09:36:43+00:00
CVE-2026-50318,updated,2026-08-03,cve_2026_to_now,2026-08-04T09:36:43+00:00
CVE-2026-50321,updated,2026-08-03,cve_2026_to_now,2026-08-04T09:36:43+00:00
CVE-2026-50322,updated,2026-08-03,cve_2026_to_now,2026-08-04T09:36:43+00:00
CVE-2026-50323,updated,2026-08-03,cve_2026_to_now,2026-08-04T09:36:43+00:00
CVE-2026-50324,updated,2026-08-03,cve_2026_to_now,2026-08-04T09:36:43+00:00
CVE-2026-50325,updated,2026-08-03,cve_2026_to_now,2026-08-04T09:36:43+00:00
CVE-2026-50326,updated,2026-08-03,cve_2026_to_now,2026-08-04T09:36:43+00:00
CVE-2026-50327,updated,2026-08-03,cve_2026_to_now,2026-08-04T09:36:43+00:00
CVE-2026-50328,updated,2026-08-03,cve_2026_to_now,2026-08-04T09:36:43+00:00
CVE-2026-50329,updated,2026-08-03,cve_2026_to_now,2026-08-04T09:36:43+00:00
CVE-2026-50330,updated,2026-08-03,cve_2026_to_now,2026-08-04T09:36:43+00:00
CVE-2026-50331,updated,2026-08-03,cve_2026_to_now,2026-08-04T09:36:43+00:00
CVE-2026-50332,updated,2026-08-03,cve_2026_to_now,2026-08-04T09:36:43+00:00
CVE-2026-50333,updated,2026-08-03,cve_2026_to_now,2026-08-04T09:36:43+00:00
CVE-2026-50334,updated,2026-08-03,cve_2026_to_now,2026-08-04T09:36:43+00:00
CVE-2026-50335,updated,2026-08-03,cve_2026_to_now,2026-08-04T09:36:43+00:00
CVE-2026-50336,updated,2026-08-03,cve_2026_to_now,2026-08-04T09:36:43+00:00
CVE-2026-50337,updated,2026-08-03,cve_2026_to_now,2026-08-04T09:36:43+00:00
CVE-2026-50338,updated,2026-08-03,cve_2026_to_now,2026-08-04T09:36:43+00:00
CVE-2026-50339,updated,2026-08-03,cve_2026_to_now,2026-08-04T09:36:43+00:00
CVE-2026-50340,updated,2026-08-03,cve_2026_to_now,2026-08-04T09:36:43+00:00
CVE-2026-50341,updated,2026-08-03,cve_2026_to_now,2026-08-04T09:36:43+00:00
CVE-2026-50342,updated,2026-08-03,cve_2026_to_now,2026-08-04T09:36:43+00:00
CVE-2026-50343,updated,2026-08-03,cve_2026_to_now,2026-08-04T09:36:43+00:00
CVE-2026-50344,updated,2026-08-03,cve_2026_to_now,2026-08-04T09:36:43+00:00
CVE-2026-50345,updated,2026-08-03,cve_2026_to_now,2026-08-04T09:36:43+00:00
CVE-2026-50346,updated,2026-08-03,cve_2026_to_now,2026-08-04T09:36:43+00:00
CVE-2026-50347,updated,2026-08-03,cve_2026_to_now,2026-08-04T09:36:43+00:00
CVE-2026-50348,updated,2026-08-03,cve_2026_to_now,2026-08-04T09:36:43+00:00
CVE-2026-50350,updated,2026-08-03,cve_2026_to_now,2026-08-04T09:36:43+00:00
CVE-2026-50351,updated,2026-08-03,cve_2026_to_now,2026-08-04T09:36:43+00:00
CVE-2026-50352,updated,2026-08-03,cve_2026_to_now,2026-08-04T09:36:43+00:00
CVE-2026-50353,updated,2026-08-03,cve_2026_to_now,2026-08-04T09:36:43+00:00
CVE-2026-50354,updated,2026-08-03,cve_2026_to_now,2026-08-04T09:36:43+00:00
CVE-2026-50355,updated,2026-08-03,cve_2026_to_now,2026-08-04T09:36:43+00:00
CVE-2026-50356,updated,2026-08-03,cve_2026_to_now,2026-08-04T09:36:43+00:00
CVE-2026-50357,updated,2026-08-03,cve_2026_to_now,2026-08-04T09:36:43+00:00
CVE-2026-50358,updated,2026-08-03,cve_2026_to_now,2026-08-04T09:36:43+00:00
CVE-2026-50359,updated,2026-08-03,cve_2026_to_now,2026-08-04T09:36:43+00:00
CVE-2026-50360,updated,2026-08-03,cve_2026_to_now,2026-08-04T09:36:43+00:00
CVE-2026-50361,updated,2026-08-03,cve_2026_to_now,2026-08-04T09:36:43+00:00
CVE-2026-50362,updated,2026-08-03,cve_2026_to_now,2026-08-04T09:36:43+00:00
CVE-2026-50363,updated,2026-08-03,cve_2026_to_now,2026-08-04T09:36:43+00:00
CVE-2026-50364,updated,2026-08-03,cve_2026_to_now,2026-08-04T09:36:43+00:00
CVE-2026-50365,updated,2026-08-03,cve_2026_to_now,2026-08-04T09:36:43+00:00
CVE-2026-50366,updated,2026-08-03,cve_2026_to_now,2026-08-04T09:36:43+00:00
CVE-2026-50367,updated,2026-08-03,cve_2026_to_now,2026-08-04T09:36:43+00:00
CVE-2026-50368,updated,2026-08-03,cve_2026_to_now,2026-08-04T09:36:43+00:00
CVE-2026-50369,updated,2026-08-03,cve_2026_to_now,2026-08-04T09:36:43+00:00
CVE-2026-50370,updated,2026-08-03,cve_2026_to_now,2026-08-04T09:36:43+00:00
CVE-2026-50371,updated,2026-08-03,cve_2026_to_now,2026-08-04T09:36:43+00:00
CVE-2026-50372,updated,2026-08-03,cve_2026_to_now,2026-08-04T09:36:43+00:00
CVE-2026-50373,updated,2026-08-03,cve_2026_to_now,2026-08-04T09:36:43+00:00
CVE-2026-50374,updated,2026-08-03,cve_2026_to_now,2026-08-04T09:36:43+00:00
CVE-2026-50375,updated,2026-08-03,cve_2026_to_now,2026-08-04T09:36:43+00:00
CVE-2026-50376,updated,2026-08-03,cve_2026_to_now,2026-08-04T09:36:43+00:00
CVE-2026-50377,updated,2026-08-03,cve_2026_to_now,2026-08-04T09:36:43+00:00
CVE-2026-50378,updated,2026-08-03,cve_2026_to_now,2026-08-04T09:36:43+00:00
CVE-2026-50379,updated,2026-08-03,cve_2026_to_now,2026-08-04T09:36:43+00:00
CVE-2026-50380,updated,2026-08-03,cve_2026_to_now,2026-08-04T09:36:43+00:00
CVE-2026-50381,updated,2026-08-03,cve_2026_to_now,2026-08-04T09:36:43+00:00
CVE-2026-50382,updated,2026-08-03,cve_2026_to_now,2026-08-04T09:36:43+00:00
CVE-2026-50383,updated,2026-08-03,cve_2026_to_now,2026-08-04T09:36:43+00:00
CVE-2026-50384,updated,2026-08-03,cve_2026_to_now,2026-08-04T09:36:43+00:00
CVE-2026-50385,updated,2026-08-03,cve_2026_to_now,2026-08-04T09:36:43+00:00
CVE-2026-50386,updated,2026-08-03,cve_2026_to_now,2026-08-04T09:36:43+00:00
CVE-2026-50387,updated,2026-08-03,cve_2026_to_now,2026-08-04T09:36:43+00:00
CVE-2026-50388,updated,2026-08-03,cve_2026_to_now,2026-08-04T09:36:43+00:00
CVE-2026-50389,updated,2026-08-03,cve_2026_to_now,2026-08-04T09:36:43+00:00
CVE-2026-50390,updated,2026-08-03,cve_2026_to_now,2026-08-04T09:36:43+00:00
CVE-2026-50391,updated,2026-08-03,cve_2026_to_now,2026-08-04T09:36:43+00:00
CVE-2026-50392,updated,2026-08-03,cve_2026_to_now,2026-08-04T09:36:43+00:00
CVE-2026-50393,updated,2026-08-03,cve_2026_to_now,2026-08-04T09:36:43+00:00
CVE-2026-50394,updated,2026-08-03,cve_2026_to_now,2026-08-04T09:36:43+00:00
CVE-2026-50396,updated,2026-08-03,cve_2026_to_now,2026-08-04T09:36:43+00:00
CVE-2026-50397,updated,2026-08-03,cve_2026_to_now,2026-08-04T09:36:43+00:00
CVE-2026-50398,updated,2026-08-03,cve_2026_to_now,2026-08-04T09:36:43+00:00
CVE-2026-50399,updated,2026-08-03,cve_2026_to_now,2026-08-04T09:36:43+00:00
CVE-2026-50400,updated,2026-08-03,cve_2026_to_now,2026-08-04T09:36:43+00:00
CVE-2026-50401,updated,2026-08-03,cve_2026_to_now,2026-08-04T09:36:43+00:00
CVE-2026-50402,updated,2026-08-03,cve_2026_to_now,2026-08-04T09:36:43+00:00
CVE-2026-50403,updated,2026-08-03,cve_2026_to_now,2026-08-04T09:36:43+00:00
CVE-2026-50404,updated,2026-08-03,cve_2026_to_now,2026-08-04T09:36:43+00:00
CVE-2026-50405,updated,2026-08-03,cve_2026_to_now,2026-08-04T09:36:43+00:00
CVE-2026-50406,updated,2026-08-03,cve_2026_to_now,2026-08-04T09:36:43+00:00
CVE-2026-50407,updated,2026-08-03,cve_2026_to_now,2026-08-04T09:36:43+00:00
CVE-2026-50408,updated,2026-08-03,cve_2026_to_now,2026-08-04T09:36:43+00:00
CVE-2026-50409,updated,2026-08-03,cve_2026_to_now,2026-08-04T09:36:43+00:00
CVE-2026-50410,updated,2026-08-03,cve_2026_to_now,2026-08-04T09:36:43+00:00
CVE-2026-50411,updated,2026-08-03,cve_2026_to_now,2026-08-04T09:36:43+00:00
CVE-2026-50412,updated,2026-08-03,cve_2026_to_now,2026-08-04T09:36:43+00:00
CVE-2026-50413,updated,2026-08-03,cve_2026_to_now,2026-08-04T09:36:43+00:00
CVE-2026-50414,updated,2026-08-03,cve_2026_to_now,2026-08-04T09:36:43+00:00
CVE-2026-50415,updated,2026-08-03,cve_2026_to_now,2026-08-04T09:36:43+00:00
CVE-2026-50416,updated,2026-08-03,cve_2026_to_now,2026-08-04T09:36:43+00:00
CVE-2026-50417,updated,2026-08-03,cve_2026_to_now,2026-08-04T09:36:43+00:00
CVE-2026-50418,updated,2026-08-03,cve_2026_to_now,2026-08-04T09:36:43+00:00
CVE-2026-50419,updated,2026-08-03,cve_2026_to_now,2026-08-04T09:36:43+00:00
CVE-2026-50420,updated,2026-08-03,cve_2026_to_now,2026-08-04T09:36:43+00:00
CVE-2026-50421,updated,2026-08-03,cve_2026_to_now,2026-08-04T09:36:43+00:00
CVE-2026-50422,updated,2026-08-03,cve_2026_to_now,2026-08-04T09:36:43+00:00
CVE-2026-50423,updated,2026-08-03,cve_2026_to_now,2026-08-04T09:36:43+00:00
CVE-2026-50424,updated,2026-08-03,cve_2026_to_now,2026-08-04T09:36:43+00:00
CVE-2026-50425,updated,2026-08-03,cve_2026_to_now,2026-08-04T09:36:43+00:00
CVE-2026-50426,updated,2026-08-03,cve_2026_to_now,2026-08-04T09:36:43+00:00
CVE-2026-50427,updated,2026-08-03,cve_2026_to_now,2026-08-04T09:36:43+00:00
CVE-2026-50428,updated,2026-08-03,cve_2026_to_now,2026-08-04T09:36:43+00:00
CVE-2026-50429,updated,2026-08-03,cve_2026_to_now,2026-08-04T09:36:43+00:00
CVE-2026-50430,updated,2026-08-03,cve_2026_to_now,2026-08-04T09:36:43+00:00
CVE-2026-50431,updated,2026-08-03,cve_2026_to_now,2026-08-04T09:36:43+00:00
CVE-2026-50432,updated,2026-08-03,cve_2026_to_now,2026-08-04T09:36:43+00:00
CVE-2026-50433,updated,2026-08-03,cve_2026_to_now,2026-08-04T09:36:43+00:00
CVE-2026-50434,updated,2026-08-03,cve_2026_to_now,2026-08-04T09:36:43+00:00
CVE-2026-50435,updated,2026-08-03,cve_2026_to_now,2026-08-04T09:36:43+00:00
CVE-2026-50436,updated,2026-08-03,cve_2026_to_now,2026-08-04T09:36:43+00:00
CVE-2026-50437,updated,2026-08-03,cve_2026_to_now,2026-08-04T09:36:43+00:00
CVE-2026-50438,updated,2026-08-03,cve_2026_to_now,2026-08-04T09:36:43+00:00
CVE-2026-50439,updated,2026-08-03,cve_2026_to_now,2026-08-04T09:36:43+00:00
CVE-2026-50440,updated,2026-08-03,cve_2026_to_now,2026-08-04T09:36:43+00:00
CVE-2026-50441,updated,2026-08-03,cve_2026_to_now,2026-08-04T09:36:43+00:00
CVE-2026-50442,updated,2026-08-03,cve_2026_to_now,2026-08-04T09:36:43+00:00
CVE-2026-50444,updated,2026-08-03,cve_2026_to_now,2026-08-04T09:36:43+00:00
CVE-2026-50445,updated,2026-08-03,cve_2026_to_now,2026-08-04T09:36:43+00:00
CVE-2026-50447,updated,2026-08-03,cve_2026_to_now,2026-08-04T09:36:43+00:00
CVE-2026-50448,updated,2026-08-03,cve_2026_to_now,2026-08-04T09:36:43+00:00
CVE-2026-50449,updated,2026-08-03,cve_2026_to_now,2026-08-04T09:36:43+00:00
CVE-2026-50450,updated,2026-08-03,cve_2026_to_now,2026-08-04T09:36:43+00:00
CVE-2026-50451,updated,2026-08-03,cve_2026_to_now,2026-08-04T09:36:43+00:00
CVE-2026-50452,updated,2026-08-03,cve_2026_to_now,2026-08-04T09:36:43+00:00
CVE-2026-50453,updated,2026-08-03,cve_2026_to_now,2026-08-04T09:36:43+00:00
CVE-2026-50454,updated,2026-08-03,cve_2026_to_now,2026-08-04T09:36:43+00:00
CVE-2026-50455,updated,2026-08-03,cve_2026_to_now,2026-08-04T09:36:43+00:00
CVE-2026-50456,updated,2026-08-03,cve_2026_to_now,2026-08-04T09:36:43+00:00
CVE-2026-50457,updated,2026-08-03,cve_2026_to_now,2026-08-04T09:36:43+00:00
CVE-2026-50458,updated,2026-08-03,cve_2026_to_now,2026-08-04T09:36:43+00:00
CVE-2026-50459,updated,2026-08-03,cve_2026_to_now,2026-08-04T09:36:43+00:00
CVE-2026-50460,updated,2026-08-03,cve_2026_to_now,2026-08-04T09:36:43+00:00
CVE-2026-50461,updated,2026-08-03,cve_2026_to_now,2026-08-04T09:36:43+00:00
CVE-2026-50462,updated,2026-08-03,cve_2026_to_now,2026-08-04T09:36:43+00:00
CVE-2026-50463,updated,2026-08-03,cve_2026_to_now,2026-08-04T09:36:43+00:00
CVE-2026-50465,updated,2026-08-03,cve_2026_to_now,2026-08-04T09:36:43+00:00
CVE-2026-50466,updated,2026-08-03,cve_2026_to_now,2026-08-04T09:36:43+00:00
CVE-2026-50467,updated,2026-08-03,cve_2026_to_now,2026-08-04T09:36:43+00:00
CVE-2026-50468,updated,2026-08-03,cve_2026_to_now,2026-08-04T09:36:43+00:00
CVE-2026-50469,updated,2026-08-03,cve_2026_to_now,2026-08-04T09:36:43+00:00
CVE-2026-50470,updated,2026-08-03,cve_2026_to_now,2026-08-04T09:36:43+00:00
CVE-2026-50471,updated,2026-08-03,cve_2026_to_now,2026-08-04T09:36:43+00:00
CVE-2026-50473,updated,2026-08-03,cve_2026_to_now,2026-08-04T09:36:43+00:00
CVE-2026-50474,updated,2026-08-03,cve_2026_to_now,2026-08-04T09:36:43+00:00
CVE-2026-50475,updated,2026-08-03,cve_2026_to_now,2026-08-04T09:36:43+00:00
CVE-2026-50476,updated,2026-08-03,cve_2026_to_now,2026-08-04T09:36:43+00:00
CVE-2026-50477,updated,2026-08-03,cve_2026_to_now,2026-08-04T09:36:43+00:00
CVE-2026-50478,updated,2026-08-03,cve_2026_to_now,2026-08-04T09:36:43+00:00
CVE-2026-50479,updated,2026-08-03,cve_2026_to_now,2026-08-04T09:36:43+00:00
CVE-2026-50480,updated,2026-08-03,cve_2026_to_now,2026-08-04T09:36:43+00:00
CVE-2026-50482,updated,2026-08-03,cve_2026_to_now,2026-08-04T09:36:43+00:00
CVE-2026-50483,updated,2026-08-03,cve_2026_to_now,2026-08-04T09:36:43+00:00
CVE-2026-50484,updated,2026-08-03,cve_2026_to_now,2026-08-04T09:36:43+00:00
CVE-2026-50485,updated,2026-08-03,cve_2026_to_now,2026-08-04T09:36:43+00:00
CVE-2026-50486,updated,2026-08-03,cve_2026_to_now,2026-08-04T09:36:43+00:00
CVE-2026-50487,updated,2026-08-03,cve_2026_to_now,2026-08-04T09:36:43+00:00
CVE-2026-50488,updated,2026-08-03,cve_2026_to_now,2026-08-04T09:36:43+00:00
CVE-2026-50489,updated,2026-08-03,cve_2026_to_now,2026-08-04T09:36:43+00:00
CVE-2026-50490,updated,2026-08-03,cve_2026_to_now,2026-08-04T09:36:43+00:00
CVE-2026-50491,updated,2026-08-03,cve_2026_to_now,2026-08-04T09:36:43+00:00
CVE-2026-50492,updated,2026-08-03,cve_2026_to_now,2026-08-04T09:36:43+00:00
CVE-2026-50493,updated,2026-08-03,cve_2026_to_now,2026-08-04T09:36:43+00:00
CVE-2026-50494,updated,2026-08-03,cve_2026_to_now,2026-08-04T09:36:43+00:00
CVE-2026-50495,updated,2026-08-03,cve_2026_to_now,2026-08-04T09:36:43+00:00
CVE-2026-50496,updated,2026-08-03,cve_2026_to_now,2026-08-04T09:36:43+00:00
CVE-2026-50497,updated,2026-08-03,cve_2026_to_now,2026-08-04T09:36:43+00:00
CVE-2026-50498,updated,2026-08-03,cve_2026_to_now,2026-08-04T09:36:43+00:00
CVE-2026-50499,updated,2026-08-03,cve_2026_to_now,2026-08-04T09:36:43+00:00
CVE-2026-50500,updated,2026-08-03,cve_2026_to_now,2026-08-04T09:36:43+00:00
CVE-2026-50501,updated,2026-08-03,cve_2026_to_now,2026-08-04T09:36:43+00:00
CVE-2026-50502,updated,2026-08-03,cve_2026_to_now,2026-08-04T09:36:43+00:00
CVE-2026-50503,updated,2026-08-03,cve_2026_to_now,2026-08-04T09:36:43+00:00
CVE-2026-50504,updated,2026-08-03,cve_2026_to_now,2026-08-04T09:36:43+00:00
CVE-2026-50505,updated,2026-08-03,cve_2026_to_now,2026-08-04T09:36:43+00:00
CVE-2026-50506,updated,2026-08-03,cve_2026_to_now,2026-08-04T09:36:43+00:00
CVE-2026-50509,updated,2026-08-03,cve_2026_to_now,2026-08-04T09:36:43+00:00
CVE-2026-50510,updated,2026-08-03,cve_2026_to_now,2026-08-04T09:36:43+00:00
CVE-2026-50517,updated,2026-08-03,cve_2026_to_now,2026-08-04T09:36:43+00:00
CVE-2026-50518,updated,2026-08-03,cve_2026_to_now,2026-08-04T09:36:43+00:00
CVE-2026-50520,updated,2026-08-03,cve_2026_to_now,2026-08-04T09:36:43+00:00
CVE-2026-50522,updated,2026-08-03,cve_2026_to_now,2026-08-04T09:36:43+00:00
CVE-2026-50524,updated,2026-08-03,cve_2026_to_now,2026-08-04T09:36:43+00:00
CVE-2026-50525,updated,2026-08-03,cve_2026_to_now,2026-08-04T09:36:43+00:00
CVE-2026-50526,updated,2026-08-03,cve_2026_to_now,2026-08-04T09:36:43+00:00
CVE-2026-50527,updated,2026-08-03,cve_2026_to_now,2026-08-04T09:36:43+00:00
CVE-2026-50528,updated,2026-08-03,cve_2026_to_now,2026-08-04T09:36:43+00:00
CVE-2026-50646,updated,2026-08-03,cve_2026_to_now,2026-08-04T09:36:43+00:00
CVE-2026-50647,updated,2026-08-03,cve_2026_to_now,2026-08-04T09:36:43+00:00
CVE-2026-50648,updated,2026-08-03,cve_2026_to_now,2026-08-04T09:36:43+00:00
CVE-2026-50649,updated,2026-08-03,cve_2026_to_now,2026-08-04T09:36:43+00:00
CVE-2026-50650,updated,2026-08-03,cve_2026_to_now,2026-08-04T09:36:43+00:00
CVE-2026-50651,updated,2026-08-03,cve_2026_to_now,2026-08-04T09:36:43+00:00
CVE-2026-50652,updated,2026-08-03,cve_2026_to_now,2026-08-04T09:36:43+00:00
CVE-2026-50653,updated,2026-08-03,cve_2026_to_now,2026-08-04T09:36:43+00:00
CVE-2026-50655,updated,2026-08-03,cve_2026_to_now,2026-08-04T09:36:43+00:00
CVE-2026-50657,updated,2026-08-03,cve_2026_to_now,2026-08-04T09:36:43+00:00
CVE-2026-50658,updated,2026-08-03,cve_2026_to_now,2026-08-04T09:36:43+00:00
CVE-2026-50659,updated,2026-08-03,cve_2026_to_now,2026-08-04T09:36:43+00:00
CVE-2026-50661,updated,2026-08-03,cve_2026_to_now,2026-08-04T09:36:43+00:00
CVE-2026-50663,updated,2026-08-03,cve_2026_to_now,2026-08-04T09:36:43+00:00
CVE-2026-50665,updated,2026-08-03,cve_2026_to_now,2026-08-04T09:36:43+00:00
CVE-2026-50666,updated,2026-08-03,cve_2026_to_now,2026-08-04T09:36:43+00:00
CVE-2026-50667,updated,2026-08-03,cve_2026_to_now,2026-08-04T09:36:43+00:00
CVE-2026-50668,updated,2026-08-03,cve_2026_to_now,2026-08-04T09:36:43+00:00
CVE-2026-50669,updated,2026-08-03,cve_2026_to_now,2026-08-04T09:36:43+00:00
CVE-2026-50670,updated,2026-08-03,cve_2026_to_now,2026-08-04T09:36:43+00:00
CVE-2026-50672,updated,2026-08-03,cve_2026_to_now,2026-08-04T09:36:43+00:00
CVE-2026-50673,updated,2026-08-03,cve_2026_to_now,2026-08-04T09:36:43+00:00
CVE-2026-50674,updated,2026-08-03,cve_2026_to_now,2026-08-04T09:36:43+00:00
CVE-2026-50675,updated,2026-08-03,cve_2026_to_now,2026-08-04T09:36:43+00:00
CVE-2026-50676,updated,2026-08-03,cve_2026_to_now,2026-08-04T09:36:43+00:00
CVE-2026-50677,updated,2026-08-03,cve_2026_to_now,2026-08-04T09:36:43+00:00
CVE-2026-50678,updated,2026-08-03,cve_2026_to_now,2026-08-04T09:36:43+00:00
CVE-2026-50679,updated,2026-08-03,cve_2026_to_now,2026-08-04T09:36:43+00:00
CVE-2026-50680,updated,2026-08-03,cve_2026_to_now,2026-08-04T09:36:43+00:00
CVE-2026-50681,updated,2026-08-03,cve_2026_to_now,2026-08-04T09:36:43+00:00
CVE-2026-50682,updated,2026-08-03,cve_2026_to_now,2026-08-04T09:36:43+00:00
CVE-2026-50683,updated,2026-08-03,cve_2026_to_now,2026-08-04T09:36:43+00:00
CVE-2026-50684,updated,2026-08-03,cve_2026_to_now,2026-08-04T09:36:43+00:00
CVE-2026-50685,updated,2026-08-03,cve_2026_to_now,2026-08-04T09:36:43+00:00
CVE-2026-50686,updated,2026-08-03,cve_2026_to_now,2026-08-04T09:36:43+00:00
CVE-2026-50687,updated,2026-08-03,cve_2026_to_now,2026-08-04T09:36:43+00:00
CVE-2026-50688,updated,2026-08-03,cve_2026_to_now,2026-08-04T09:36:43+00:00
CVE-2026-50689,updated,2026-08-03,cve_2026_to_now,2026-08-04T09:36:43+00:00
CVE-2026-50690,updated,2026-08-03,cve_2026_to_now,2026-08-04T09:36:43+00:00
CVE-2026-50692,updated,2026-08-03,cve_2026_to_now,2026-08-04T09:36:43+00:00
CVE-2026-50694,updated,2026-08-03,cve_2026_to_now,2026-08-04T09:36:43+00:00
CVE-2026-50695,updated,2026-08-03,cve_2026_to_now,2026-08-04T09:36:43+00:00
CVE-2026-50696,updated,2026-08-03,cve_2026_to_now,2026-08-04T09:36:43+00:00
CVE-2026-50697,updated,2026-08-03,cve_2026_to_now,2026-08-04T09:36:43+00:00
CVE-2026-50751,updated,2026-08-04,cve_2026_to_now,2026-08-04T09:36:43+00:00
CVE-2026-50986,updated,2026-08-03,cve_2026_to_now,2026-08-04T09:36:43+00:00
CVE-2026-51190,added,,cve_2026_to_now,2026-08-04T09:36:43+00:00
CVE-2026-51775,added,,cve_2026_to_now,2026-08-04T09:36:43+00:00
CVE-2026-51785,updated,2026-08-03,cve_2026_to_now,2026-08-04T09:36:43+00:00
CVE-2026-51953,updated,2026-08-03,cve_2026_to_now,2026-08-04T09:36:43+00:00
CVE-2026-52102,added,,cve_2026_to_now,2026-08-04T09:36:43+00:00
CVE-2026-52134,updated,2026-08-03,cve_2026_to_now,2026-08-04T09:36:43+00:00
CVE-2026-52232,updated,2026-08-03,cve_2026_to_now,2026-08-04T09:36:43+00:00
CVE-2026-52371,updated,2026-08-03,cve_2026_to_now,2026-08-04T09:36:43+00:00
CVE-2026-52520,added,,cve_2026_to_now,2026-08-04T09:36:43+00:00
CVE-2026-52521,added,,cve_2026_to_now,2026-08-04T09:36:43+00:00
CVE-2026-52720,updated,2026-08-03,cve_2026_to_now,2026-08-04T09:36:43+00:00
CVE-2026-52722,updated,2026-08-03,cve_2026_to_now,2026-08-04T09:36:43+00:00
CVE-2026-52746,updated,2026-08-03,cve_2026_to_now,2026-08-04T09:36:43+00:00
CVE-2026-52923,updated,2026-08-03,cve_2026_to_now,2026-08-04T09:36:43+00:00
CVE-2026-52987,updated,2026-08-03,cve_2026_to_now,2026-08-04T09:36:43+00:00
CVE-2026-52993,updated,2026-08-03,cve_2026_to_now,2026-08-04T09:36:43+00:00
CVE-2026-53143,updated,2026-08-03,cve_2026_to_now,2026-08-04T09:36:43+00:00
CVE-2026-53505,updated,2026-08-03,cve_2026_to_now,2026-08-04T09:36:43+00:00
CVE-2026-53551,updated,2026-08-03,cve_2026_to_now,2026-08-04T09:36:43+00:00
CVE-2026-53573,updated,2026-08-03,cve_2026_to_now,2026-08-04T09:36:43+00:00
CVE-2026-53705,updated,2026-08-03,cve_2026_to_now,2026-08-04T09:36:43+00:00
CVE-2026-54107,updated,2026-08-03,cve_2026_to_now,2026-08-04T09:36:43+00:00
CVE-2026-54108,updated,2026-08-03,cve_2026_to_now,2026-08-04T09:36:43+00:00
CVE-2026-54109,updated,2026-08-03,cve_2026_to_now,2026-08-04T09:36:43+00:00
CVE-2026-54111,updated,2026-08-03,cve_2026_to_now,2026-08-04T09:36:43+00:00
CVE-2026-54112,updated,2026-08-03,cve_2026_to_now,2026-08-04T09:36:43+00:00
CVE-2026-54114,updated,2026-08-03,cve_2026_to_now,2026-08-04T09:36:43+00:00
CVE-2026-54115,updated,2026-08-03,cve_2026_to_now,2026-08-04T09:36:43+00:00
CVE-2026-54116,updated,2026-08-03,cve_2026_to_now,2026-08-04T09:36:43+00:00
CVE-2026-54117,updated,2026-08-03,cve_2026_to_now,2026-08-04T09:36:43+00:00
CVE-2026-54118,updated,2026-08-03,cve_2026_to_now,2026-08-04T09:36:43+00:00
CVE-2026-54119,updated,2026-08-03,cve_2026_to_now,2026-08-04T09:36:43+00:00
CVE-2026-54120,updated,2026-08-03,cve_2026_to_now,2026-08-04T09:36:43+00:00
CVE-2026-54121,updated,2026-08-03,cve_2026_to_now,2026-08-04T09:36:43+00:00
CVE-2026-54122,updated,2026-08-03,cve_2026_to_now,2026-08-04T09:36:43+00:00
CVE-2026-54124,updated,2026-08-03,cve_2026_to_now,2026-08-04T09:36:43+00:00
CVE-2026-54125,updated,2026-08-03,cve_2026_to_now,2026-08-04T09:36:43+00:00
CVE-2026-54126,updated,2026-08-03,cve_2026_to_now,2026-08-04T09:36:43+00:00
CVE-2026-54127,updated,2026-08-03,cve_2026_to_now,2026-08-04T09:36:43+00:00
CVE-2026-54128,updated,2026-08-03,cve_2026_to_now,2026-08-04T09:36:43+00:00
CVE-2026-54129,updated,2026-08-03,cve_2026_to_now,2026-08-04T09:36:43+00:00
CVE-2026-54131,updated,2026-08-03,cve_2026_to_now,2026-08-04T09:36:43+00:00
CVE-2026-54132,updated,2026-08-03,cve_2026_to_now,2026-08-04T09:36:43+00:00
CVE-2026-54228,updated,2026-08-03,cve_2026_to_now,2026-08-04T09:36:43+00:00
CVE-2026-54229,updated,2026-08-03,cve_2026_to_now,2026-08-04T09:36:43+00:00
CVE-2026-54768,updated,2026-08-03,cve_2026_to_now,2026-08-04T09:36:43+00:00
CVE-2026-54785,updated,2026-08-03,cve_2026_to_now,2026-08-04T09:36:43+00:00
CVE-2026-54891,updated,2026-08-03,cve_2026_to_now,2026-08-04T09:36:43+00:00
CVE-2026-54894,updated,2026-08-03,cve_2026_to_now,2026-08-04T09:36:43+00:00
CVE-2026-54909,updated,2026-08-03,cve_2026_to_now,2026-08-04T09:36:43+00:00
CVE-2026-54982,updated,2026-08-03,cve_2026_to_now,2026-08-04T09:36:43+00:00
CVE-2026-54983,updated,2026-08-03,cve_2026_to_now,2026-08-04T09:36:43+00:00
CVE-2026-54986,updated,2026-08-03,cve_2026_to_now,2026-08-04T09:36:43+00:00
CVE-2026-54987,updated,2026-08-03,cve_2026_to_now,2026-08-04T09:36:43+00:00
CVE-2026-54988,updated,2026-08-03,cve_2026_to_now,2026-08-04T09:36:43+00:00
CVE-2026-54989,updated,2026-08-03,cve_2026_to_now,2026-08-04T09:36:43+00:00
CVE-2026-54990,updated,2026-08-03,cve_2026_to_now,2026-08-04T09:36:43+00:00
CVE-2026-54991,updated,2026-08-03,cve_2026_to_now,2026-08-04T09:36:43+00:00
CVE-2026-54992,updated,2026-08-03,cve_2026_to_now,2026-08-04T09:36:43+00:00
CVE-2026-54993,updated,2026-08-03,cve_2026_to_now,2026-08-04T09:36:43+00:00
CVE-2026-54995,updated,2026-08-03,cve_2026_to_now,2026-08-04T09:36:43+00:00
CVE-2026-54996,updated,2026-08-03,cve_2026_to_now,2026-08-04T09:36:43+00:00
CVE-2026-54997,updated,2026-08-03,cve_2026_to_now,2026-08-04T09:36:43+00:00
CVE-2026-54998,updated,2026-08-03,cve_2026_to_now,2026-08-04T09:36:43+00:00
CVE-2026-54999,updated,2026-08-03,cve_2026_to_now,2026-08-04T09:36:43+00:00
CVE-2026-55000,updated,2026-08-03,cve_2026_to_now,2026-08-04T09:36:43+00:00
CVE-2026-55001,updated,2026-08-03,cve_2026_to_now,2026-08-04T09:36:43+00:00
CVE-2026-55002,updated,2026-08-03,cve_2026_to_now,2026-08-04T09:36:43+00:00
CVE-2026-55003,updated,2026-08-03,cve_2026_to_now,2026-08-04T09:36:43+00:00
CVE-2026-55004,updated,2026-08-03,cve_2026_to_now,2026-08-04T09:36:43+00:00
CVE-2026-55005,updated,2026-08-03,cve_2026_to_now,2026-08-04T09:36:43+00:00
CVE-2026-55006,updated,2026-08-03,cve_2026_to_now,2026-08-04T09:36:43+00:00
CVE-2026-55008,updated,2026-08-03,cve_2026_to_now,2026-08-04T09:36:43+00:00
CVE-2026-55009,updated,2026-08-03,cve_2026_to_now,2026-08-04T09:36:43+00:00
CVE-2026-55010,updated,2026-08-03,cve_2026_to_now,2026-08-04T09:36:43+00:00
CVE-2026-55011,updated,2026-08-03,cve_2026_to_now,2026-08-04T09:36:43+00:00
CVE-2026-55012,updated,2026-08-03,cve_2026_to_now,2026-08-04T09:36:43+00:00
CVE-2026-55014,updated,2026-08-03,cve_2026_to_now,2026-08-04T09:36:43+00:00
CVE-2026-55016,updated,2026-08-03,cve_2026_to_now,2026-08-04T09:36:43+00:00
CVE-2026-55017,updated,2026-08-03,cve_2026_to_now,2026-08-04T09:36:43+00:00
CVE-2026-55018,updated,2026-08-03,cve_2026_to_now,2026-08-04T09:36:43+00:00
CVE-2026-55019,updated,2026-08-03,cve_2026_to_now,2026-08-04T09:36:43+00:00
CVE-2026-55020,updated,2026-08-03,cve_2026_to_now,2026-08-04T09:36:43+00:00
CVE-2026-55021,updated,2026-08-03,cve_2026_to_now,2026-08-04T09:36:43+00:00
CVE-2026-55022,updated,2026-08-03,cve_2026_to_now,2026-08-04T09:36:43+00:00
CVE-2026-55023,updated,2026-08-03,cve_2026_to_now,2026-08-04T09:36:43+00:00
CVE-2026-55024,updated,2026-08-03,cve_2026_to_now,2026-08-04T09:36:43+00:00
CVE-2026-55025,updated,2026-08-03,cve_2026_to_now,2026-08-04T09:36:43+00:00
CVE-2026-55026,updated,2026-08-03,cve_2026_to_now,2026-08-04T09:36:43+00:00
CVE-2026-55027,updated,2026-08-03,cve_2026_to_now,2026-08-04T09:36:43+00:00
CVE-2026-55028,updated,2026-08-03,cve_2026_to_now,2026-08-04T09:36:43+00:00
CVE-2026-55029,updated,2026-08-03,cve_2026_to_now,2026-08-04T09:36:43+00:00
CVE-2026-55030,updated,2026-08-03,cve_2026_to_now,2026-08-04T09:36:43+00:00
CVE-2026-55031,updated,2026-08-03,cve_2026_to_now,2026-08-04T09:36:43+00:00
CVE-2026-55032,updated,2026-08-03,cve_2026_to_now,2026-08-04T09:36:43+00:00
CVE-2026-55033,updated,2026-08-03,cve_2026_to_now,2026-08-04T09:36:43+00:00
CVE-2026-55034,updated,2026-08-03,cve_2026_to_now,2026-08-04T09:36:43+00:00
CVE-2026-55035,updated,2026-08-03,cve_2026_to_now,2026-08-04T09:36:43+00:00
CVE-2026-55036,updated,2026-08-03,cve_2026_to_now,2026-08-04T09:36:43+00:00
CVE-2026-55037,updated,2026-08-03,cve_2026_to_now,2026-08-04T09:36:43+00:00
CVE-2026-55038,updated,2026-08-03,cve_2026_to_now,2026-08-04T09:36:43+00:00
CVE-2026-55039,updated,2026-08-03,cve_2026_to_now,2026-08-04T09:36:43+00:00
CVE-2026-55040,updated,2026-08-03,cve_2026_to_now,2026-08-04T09:36:43+00:00
CVE-2026-55041,updated,2026-08-03,cve_2026_to_now,2026-08-04T09:36:43+00:00
CVE-2026-55042,updated,2026-08-03,cve_2026_to_now,2026-08-04T09:36:43+00:00
CVE-2026-55043,updated,2026-08-03,cve_2026_to_now,2026-08-04T09:36:43+00:00
CVE-2026-55044,updated,2026-08-03,cve_2026_to_now,2026-08-04T09:36:43+00:00
CVE-2026-55045,updated,2026-08-03,cve_2026_to_now,2026-08-04T09:36:43+00:00
CVE-2026-55046,updated,2026-08-03,cve_2026_to_now,2026-08-04T09:36:43+00:00
CVE-2026-55047,updated,2026-08-03,cve_2026_to_now,2026-08-04T09:36:43+00:00
CVE-2026-55048,updated,2026-08-03,cve_2026_to_now,2026-08-04T09:36:43+00:00
CVE-2026-55049,updated,2026-08-03,cve_2026_to_now,2026-08-04T09:36:43+00:00
CVE-2026-55050,updated,2026-08-03,cve_2026_to_now,2026-08-04T09:36:43+00:00
CVE-2026-55051,updated,2026-08-03,cve_2026_to_now,2026-08-04T09:36:43+00:00
CVE-2026-55052,updated,2026-08-03,cve_2026_to_now,2026-08-04T09:36:43+00:00
CVE-2026-55053,updated,2026-08-03,cve_2026_to_now,2026-08-04T09:36:43+00:00
CVE-2026-55054,updated,2026-08-03,cve_2026_to_now,2026-08-04T09:36:43+00:00
CVE-2026-55055,updated,2026-08-03,cve_2026_to_now,2026-08-04T09:36:43+00:00
CVE-2026-55056,updated,2026-08-03,cve_2026_to_now,2026-08-04T09:36:43+00:00
CVE-2026-55057,updated,2026-08-03,cve_2026_to_now,2026-08-04T09:36:43+00:00
CVE-2026-55058,updated,2026-08-03,cve_2026_to_now,2026-08-04T09:36:43+00:00
CVE-2026-55120,updated,2026-08-03,cve_2026_to_now,2026-08-04T09:36:43+00:00
CVE-2026-55121,updated,2026-08-03,cve_2026_to_now,2026-08-04T09:36:43+00:00
CVE-2026-55122,updated,2026-08-03,cve_2026_to_now,2026-08-04T09:36:43+00:00
CVE-2026-55123,updated,2026-08-03,cve_2026_to_now,2026-08-04T09:36:43+00:00
CVE-2026-55124,updated,2026-08-03,cve_2026_to_now,2026-08-04T09:36:43+00:00
CVE-2026-55125,updated,2026-08-03,cve_2026_to_now,2026-08-04T09:36:43+00:00
CVE-2026-55126,updated,2026-08-03,cve_2026_to_now,2026-08-04T09:36:43+00:00
CVE-2026-55127,updated,2026-08-03,cve_2026_to_now,2026-08-04T09:36:43+00:00
CVE-2026-55128,updated,2026-08-03,cve_2026_to_now,2026-08-04T09:36:43+00:00
CVE-2026-55129,updated,2026-08-03,cve_2026_to_now,2026-08-04T09:36:43+00:00
CVE-2026-55130,updated,2026-08-03,cve_2026_to_now,2026-08-04T09:36:43+00:00
CVE-2026-55131,updated,2026-08-03,cve_2026_to_now,2026-08-04T09:36:43+00:00
CVE-2026-55132,updated,2026-08-03,cve_2026_to_now,2026-08-04T09:36:43+00:00
CVE-2026-55133,updated,2026-08-03,cve_2026_to_now,2026-08-04T09:36:43+00:00
CVE-2026-55134,updated,2026-08-03,cve_2026_to_now,2026-08-04T09:36:43+00:00
CVE-2026-55135,updated,2026-08-03,cve_2026_to_now,2026-08-04T09:36:43+00:00
CVE-2026-55136,updated,2026-08-03,cve_2026_to_now,2026-08-04T09:36:43+00:00
CVE-2026-55137,updated,2026-08-03,cve_2026_to_now,2026-08-04T09:36:43+00:00
CVE-2026-55138,updated,2026-08-03,cve_2026_to_now,2026-08-04T09:36:43+00:00
CVE-2026-55139,updated,2026-08-03,cve_2026_to_now,2026-08-04T09:36:43+00:00
CVE-2026-55140,updated,2026-08-03,cve_2026_to_now,2026-08-04T09:36:43+00:00
CVE-2026-55141,updated,2026-08-03,cve_2026_to_now,2026-08-04T09:36:43+00:00
CVE-2026-55142,updated,2026-08-03,cve_2026_to_now,2026-08-04T09:36:43+00:00
CVE-2026-55144,updated,2026-08-03,cve_2026_to_now,2026-08-04T09:36:43+00:00
CVE-2026-55145,updated,2026-08-03,cve_2026_to_now,2026-08-04T09:36:43+00:00
CVE-2026-55733,updated,2026-08-03,cve_2026_to_now,2026-08-04T09:36:43+00:00
CVE-2026-55734,updated,2026-08-03,cve_2026_to_now,2026-08-04T09:36:43+00:00
CVE-2026-55735,updated,2026-08-03,cve_2026_to_now,2026-08-04T09:36:43+00:00
CVE-2026-55898,updated,2026-08-03,cve_2026_to_now,2026-08-04T09:36:43+00:00
CVE-2026-55899,updated,2026-08-03,cve_2026_to_now,2026-08-04T09:36:43+00:00
CVE-2026-55944,updated,2026-08-03,cve_2026_to_now,2026-08-04T09:36:43+00:00
CVE-2026-55945,updated,2026-08-03,cve_2026_to_now,2026-08-04T09:36:43+00:00
CVE-2026-55947,updated,2026-08-03,cve_2026_to_now,2026-08-04T09:36:43+00:00
CVE-2026-55948,updated,2026-08-03,cve_2026_to_now,2026-08-04T09:36:43+00:00
CVE-2026-55949,updated,2026-08-03,cve_2026_to_now,2026-08-04T09:36:43+00:00
CVE-2026-55953,updated,2026-08-03,cve_2026_to_now,2026-08-04T09:36:43+00:00
CVE-2026-56155,updated,2026-08-03,cve_2026_to_now,2026-08-04T09:36:43+00:00
CVE-2026-56156,updated,2026-08-03,cve_2026_to_now,2026-08-04T09:36:43+00:00
CVE-2026-56157,updated,2026-08-03,cve_2026_to_now,2026-08-04T09:36:43+00:00
CVE-2026-56159,updated,2026-08-03,cve_2026_to_now,2026-08-04T09:36:43+00:00
CVE-2026-56160,updated,2026-08-03,cve_2026_to_now,2026-08-04T09:36:43+00:00
CVE-2026-56163,updated,2026-08-03,cve_2026_to_now,2026-08-04T09:36:43+00:00
CVE-2026-56164,updated,2026-08-03,cve_2026_to_now,2026-08-04T09:36:43+00:00
CVE-2026-56165,updated,2026-08-03,cve_2026_to_now,2026-08-04T09:36:43+00:00
CVE-2026-56167,updated,2026-08-03,cve_2026_to_now,2026-08-04T09:36:43+00:00
CVE-2026-56168,updated,2026-08-03,cve_2026_to_now,2026-08-04T09:36:43+00:00
CVE-2026-56169,updated,2026-08-03,cve_2026_to_now,2026-08-04T09:36:43+00:00
CVE-2026-56170,updated,2026-08-03,cve_2026_to_now,2026-08-04T09:36:43+00:00
CVE-2026-56171,updated,2026-08-03,cve_2026_to_now,2026-08-04T09:36:43+00:00
CVE-2026-56173,updated,2026-08-03,cve_2026_to_now,2026-08-04T09:36:43+00:00
CVE-2026-56175,updated,2026-08-03,cve_2026_to_now,2026-08-04T09:36:43+00:00
CVE-2026-56176,updated,2026-08-03,cve_2026_to_now,2026-08-04T09:36:43+00:00
CVE-2026-56178,updated,2026-08-03,cve_2026_to_now,2026-08-04T09:36:43+00:00
CVE-2026-56181,updated,2026-08-03,cve_2026_to_now,2026-08-04T09:36:43+00:00
CVE-2026-56182,updated,2026-08-03,cve_2026_to_now,2026-08-04T09:36:43+00:00
CVE-2026-56183,updated,2026-08-03,cve_2026_to_now,2026-08-04T09:36:43+00:00
CVE-2026-56184,updated,2026-08-03,cve_2026_to_now,2026-08-04T09:36:43+00:00
CVE-2026-56185,updated,2026-08-03,cve_2026_to_now,2026-08-04T09:36:43+00:00
CVE-2026-56186,updated,2026-08-03,cve_2026_to_now,2026-08-04T09:36:43+00:00
CVE-2026-56187,updated,2026-08-03,cve_2026_to_now,2026-08-04T09:36:43+00:00
CVE-2026-56188,updated,2026-08-03,cve_2026_to_now,2026-08-04T09:36:43+00:00
CVE-2026-56189,updated,2026-08-03,cve_2026_to_now,2026-08-04T09:36:43+00:00
CVE-2026-56190,updated,2026-08-03,cve_2026_to_now,2026-08-04T09:36:43+00:00
CVE-2026-56191,updated,2026-08-03,cve_2026_to_now,2026-08-04T09:36:43+00:00
CVE-2026-56192,updated,2026-08-03,cve_2026_to_now,2026-08-04T09:36:43+00:00
CVE-2026-56193,updated,2026-08-03,cve_2026_to_now,2026-08-04T09:36:43+00:00
CVE-2026-56194,updated,2026-08-03,cve_2026_to_now,2026-08-04T09:36:43+00:00
CVE-2026-56195,updated,2026-08-03,cve_2026_to_now,2026-08-04T09:36:43+00:00
CVE-2026-56196,updated,2026-08-03,cve_2026_to_now,2026-08-04T09:36:43+00:00
CVE-2026-56197,updated,2026-08-03,cve_2026_to_now,2026-08-04T09:36:43+00:00
CVE-2026-56208,updated,2026-08-03,cve_2026_to_now,2026-08-04T09:36:43+00:00
CVE-2026-56608,added,,cve_2026_to_now,2026-08-04T09:36:43+00:00
CVE-2026-56609,added,,cve_2026_to_now,2026-08-04T09:36:43+00:00
CVE-2026-56642,updated,2026-08-03,cve_2026_to_now,2026-08-04T09:36:43+00:00
CVE-2026-56643,updated,2026-08-03,cve_2026_to_now,2026-08-04T09:36:43+00:00
CVE-2026-56644,updated,2026-08-03,cve_2026_to_now,2026-08-04T09:36:43+00:00
CVE-2026-56645,updated,2026-08-03,cve_2026_to_now,2026-08-04T09:36:43+00:00
CVE-2026-56646,updated,2026-08-03,cve_2026_to_now,2026-08-04T09:36:43+00:00
CVE-2026-56647,updated,2026-08-03,cve_2026_to_now,2026-08-04T09:36:43+00:00
CVE-2026-56648,updated,2026-08-03,cve_2026_to_now,2026-08-04T09:36:43+00:00
CVE-2026-56649,updated,2026-08-03,cve_2026_to_now,2026-08-04T09:36:43+00:00
CVE-2026-56650,updated,2026-08-03,cve_2026_to_now,2026-08-04T09:36:43+00:00
CVE-2026-56845,added,,cve_2026_to_now,2026-08-04T09:36:43+00:00
CVE-2026-56846,added,,cve_2026_to_now,2026-08-04T09:36:43+00:00
CVE-2026-57083,updated,2026-08-03,cve_2026_to_now,2026-08-04T09:36:43+00:00
CVE-2026-57084,updated,2026-08-03,cve_2026_to_now,2026-08-04T09:36:43+00:00
CVE-2026-57085,updated,2026-08-03,cve_2026_to_now,2026-08-04T09:36:43+00:00
CVE-2026-57087,updated,2026-08-03,cve_2026_to_now,2026-08-04T09:36:43+00:00
CVE-2026-57088,updated,2026-08-03,cve_2026_to_now,2026-08-04T09:36:43+00:00
CVE-2026-57089,updated,2026-08-03,cve_2026_to_now,2026-08-04T09:36:43+00:00
CVE-2026-57090,updated,2026-08-03,cve_2026_to_now,2026-08-04T09:36:43+00:00
CVE-2026-57091,updated,2026-08-03,cve_2026_to_now,2026-08-04T09:36:43+00:00
CVE-2026-57092,updated,2026-08-03,cve_2026_to_now,2026-08-04T09:36:43+00:00
CVE-2026-57093,updated,2026-08-03,cve_2026_to_now,2026-08-04T09:36:43+00:00
CVE-2026-57094,updated,2026-08-03,cve_2026_to_now,2026-08-04T09:36:43+00:00
CVE-2026-57095,updated,2026-08-03,cve_2026_to_now,2026-08-04T09:36:43+00:00
CVE-2026-57096,updated,2026-08-03,cve_2026_to_now,2026-08-04T09:36:43+00:00
CVE-2026-57097,updated,2026-08-03,cve_2026_to_now,2026-08-04T09:36:43+00:00
CVE-2026-57100,updated,2026-08-03,cve_2026_to_now,2026-08-04T09:36:43+00:00
CVE-2026-57101,updated,2026-08-03,cve_2026_to_now,2026-08-04T09:36:43+00:00
CVE-2026-57102,updated,2026-08-03,cve_2026_to_now,2026-08-04T09:36:43+00:00
CVE-2026-57106,updated,2026-08-03,cve_2026_to_now,2026-08-04T09:36:43+00:00
CVE-2026-57107,updated,2026-08-03,cve_2026_to_now,2026-08-04T09:36:43+00:00
CVE-2026-57108,updated,2026-08-03,cve_2026_to_now,2026-08-04T09:36:43+00:00
CVE-2026-57232,updated,2026-08-03,cve_2026_to_now,2026-08-04T09:36:43+00:00
CVE-2026-57475,updated,2026-08-03,cve_2026_to_now,2026-08-04T09:36:43+00:00
CVE-2026-57476,updated,2026-08-03,cve_2026_to_now,2026-08-04T09:36:43+00:00
CVE-2026-57850,updated,2026-08-03,cve_2026_to_now,2026-08-04T09:36:43+00:00
CVE-2026-57915,updated,2026-08-03,cve_2026_to_now,2026-08-04T09:36:43+00:00
CVE-2026-57968,updated,2026-08-03,cve_2026_to_now,2026-08-04T09:36:43+00:00
CVE-2026-57969,updated,2026-08-03,cve_2026_to_now,2026-08-04T09:36:43+00:00
CVE-2026-57973,updated,2026-08-03,cve_2026_to_now,2026-08-04T09:36:43+00:00
CVE-2026-57974,updated,2026-08-03,cve_2026_to_now,2026-08-04T09:36:43+00:00
CVE-2026-57975,updated,2026-08-03,cve_2026_to_now,2026-08-04T09:36:43+00:00
CVE-2026-57976,updated,2026-08-03,cve_2026_to_now,2026-08-04T09:36:43+00:00
CVE-2026-57977,updated,2026-08-03,cve_2026_to_now,2026-08-04T09:36:43+00:00
CVE-2026-57978,updated,2026-08-03,cve_2026_to_now,2026-08-04T09:36:43+00:00
CVE-2026-57979,updated,2026-08-03,cve_2026_to_now,2026-08-04T09:36:43+00:00
CVE-2026-57980,updated,2026-08-03,cve_2026_to_now,2026-08-04T09:36:43+00:00
CVE-2026-57981,updated,2026-08-03,cve_2026_to_now,2026-08-04T09:36:43+00:00
CVE-2026-57982,updated,2026-08-03,cve_2026_to_now,2026-08-04T09:36:43+00:00
CVE-2026-57983,updated,2026-08-03,cve_2026_to_now,2026-08-04T09:36:43+00:00
CVE-2026-57984,updated,2026-08-03,cve_2026_to_now,2026-08-04T09:36:43+00:00
CVE-2026-57985,updated,2026-08-03,cve_2026_to_now,2026-08-04T09:36:43+00:00
CVE-2026-57986,updated,2026-08-03,cve_2026_to_now,2026-08-04T09:36:43+00:00
CVE-2026-57987,updated,2026-08-03,cve_2026_to_now,2026-08-04T09:36:43+00:00
CVE-2026-57988,updated,2026-08-03,cve_2026_to_now,2026-08-04T09:36:43+00:00
CVE-2026-57989,updated,2026-08-03,cve_2026_to_now,2026-08-04T09:36:43+00:00
CVE-2026-57990,updated,2026-08-03,cve_2026_to_now,2026-08-04T09:36:43+00:00
CVE-2026-57991,updated,2026-08-03,cve_2026_to_now,2026-08-04T09:36:43+00:00
CVE-2026-57992,updated,2026-08-03,cve_2026_to_now,2026-08-04T09:36:43+00:00
CVE-2026-57993,updated,2026-08-03,cve_2026_to_now,2026-08-04T09:36:43+00:00
CVE-2026-58041,added,,cve_2026_to_now,2026-08-04T09:36:43+00:00
CVE-2026-58042,added,,cve_2026_to_now,2026-08-04T09:36:43+00:00
CVE-2026-58044,added,,cve_2026_to_now,2026-08-04T09:36:43+00:00
CVE-2026-58045,added,,cve_2026_to_now,2026-08-04T09:36:43+00:00
CVE-2026-58059,updated,,cve_2026_to_now,2026-08-04T09:36:43+00:00
CVE-2026-58060,updated,,cve_2026_to_now,2026-08-04T09:36:43+00:00
CVE-2026-58061,updated,,cve_2026_to_now,2026-08-04T09:36:43+00:00
CVE-2026-58062,updated,,cve_2026_to_now,2026-08-04T09:36:43+00:00
CVE-2026-58063,updated,,cve_2026_to_now,2026-08-04T09:36:43+00:00
CVE-2026-58139,added,,cve_2026_to_now,2026-08-04T09:36:43+00:00
CVE-2026-58275,updated,2026-08-03,cve_2026_to_now,2026-08-04T09:36:43+00:00
CVE-2026-58276,updated,2026-08-03,cve_2026_to_now,2026-08-04T09:36:43+00:00
CVE-2026-58277,updated,2026-08-03,cve_2026_to_now,2026-08-04T09:36:43+00:00
CVE-2026-58278,updated,2026-08-03,cve_2026_to_now,2026-08-04T09:36:43+00:00
CVE-2026-58279,updated,2026-08-03,cve_2026_to_now,2026-08-04T09:36:43+00:00
CVE-2026-58281,updated,2026-08-03,cve_2026_to_now,2026-08-04T09:36:43+00:00
CVE-2026-58282,updated,2026-08-03,cve_2026_to_now,2026-08-04T09:36:43+00:00
CVE-2026-58283,updated,2026-08-03,cve_2026_to_now,2026-08-04T09:36:43+00:00
CVE-2026-58284,updated,2026-08-03,cve_2026_to_now,2026-08-04T09:36:43+00:00
CVE-2026-58285,updated,2026-08-03,cve_2026_to_now,2026-08-04T09:36:43+00:00
CVE-2026-58286,updated,2026-08-03,cve_2026_to_now,2026-08-04T09:36:43+00:00
CVE-2026-58287,updated,2026-08-03,cve_2026_to_now,2026-08-04T09:36:43+00:00
CVE-2026-58288,updated,2026-08-03,cve_2026_to_now,2026-08-04T09:36:43+00:00
CVE-2026-58289,updated,2026-08-03,cve_2026_to_now,2026-08-04T09:36:43+00:00
CVE-2026-58290,updated,2026-08-03,cve_2026_to_now,2026-08-04T09:36:43+00:00
CVE-2026-58291,updated,2026-08-03,cve_2026_to_now,2026-08-04T09:36:43+00:00
CVE-2026-58292,updated,2026-08-03,cve_2026_to_now,2026-08-04T09:36:43+00:00
CVE-2026-58293,updated,2026-08-03,cve_2026_to_now,2026-08-04T09:36:43+00:00
CVE-2026-58294,updated,2026-08-03,cve_2026_to_now,2026-08-04T09:36:43+00:00
CVE-2026-58295,updated,2026-08-03,cve_2026_to_now,2026-08-04T09:36:43+00:00
CVE-2026-58296,updated,2026-08-03,cve_2026_to_now,2026-08-04T09:36:43+00:00
CVE-2026-58297,updated,2026-08-03,cve_2026_to_now,2026-08-04T09:36:43+00:00
CVE-2026-58298,updated,2026-08-03,cve_2026_to_now,2026-08-04T09:36:43+00:00
CVE-2026-58299,updated,2026-08-03,cve_2026_to_now,2026-08-04T09:36:43+00:00
CVE-2026-58300,updated,2026-08-03,cve_2026_to_now,2026-08-04T09:36:43+00:00
CVE-2026-58522,updated,2026-08-03,cve_2026_to_now,2026-08-04T09:36:43+00:00
CVE-2026-58523,updated,2026-08-03,cve_2026_to_now,2026-08-04T09:36:43+00:00
CVE-2026-58524,updated,2026-08-03,cve_2026_to_now,2026-08-04T09:36:43+00:00
CVE-2026-58525,updated,2026-08-03,cve_2026_to_now,2026-08-04T09:36:43+00:00
CVE-2026-58526,updated,2026-08-03,cve_2026_to_now,2026-08-04T09:36:43+00:00
CVE-2026-58527,updated,2026-08-03,cve_2026_to_now,2026-08-04T09:36:43+00:00
CVE-2026-58528,updated,2026-08-03,cve_2026_to_now,2026-08-04T09:36:43+00:00
CVE-2026-58529,updated,2026-08-03,cve_2026_to_now,2026-08-04T09:36:43+00:00
CVE-2026-58530,updated,2026-08-03,cve_2026_to_now,2026-08-04T09:36:43+00:00
CVE-2026-58531,updated,2026-08-03,cve_2026_to_now,2026-08-04T09:36:43+00:00
CVE-2026-58532,updated,2026-08-03,cve_2026_to_now,2026-08-04T09:36:43+00:00
CVE-2026-58533,updated,2026-08-03,cve_2026_to_now,2026-08-04T09:36:43+00:00
CVE-2026-58534,updated,2026-08-03,cve_2026_to_now,2026-08-04T09:36:43+00:00
CVE-2026-58535,updated,2026-08-03,cve_2026_to_now,2026-08-04T09:36:43+00:00
CVE-2026-58536,updated,2026-08-03,cve_2026_to_now,2026-08-04T09:36:43+00:00
CVE-2026-58537,updated,2026-08-03,cve_2026_to_now,2026-08-04T09:36:43+00:00
CVE-2026-58538,updated,2026-08-03,cve_2026_to_now,2026-08-04T09:36:43+00:00
CVE-2026-58539,updated,2026-08-03,cve_2026_to_now,2026-08-04T09:36:43+00:00
CVE-2026-58540,updated,2026-08-03,cve_2026_to_now,2026-08-04T09:36:43+00:00
CVE-2026-58541,updated,2026-08-03,cve_2026_to_now,2026-08-04T09:36:43+00:00
CVE-2026-58542,updated,2026-08-03,cve_2026_to_now,2026-08-04T09:36:43+00:00
CVE-2026-58543,updated,2026-08-03,cve_2026_to_now,2026-08-04T09:36:43+00:00
CVE-2026-58544,updated,2026-08-03,cve_2026_to_now,2026-08-04T09:36:43+00:00
CVE-2026-58545,updated,2026-08-03,cve_2026_to_now,2026-08-04T09:36:43+00:00
CVE-2026-58546,updated,2026-08-03,cve_2026_to_now,2026-08-04T09:36:43+00:00
CVE-2026-58547,updated,2026-08-03,cve_2026_to_now,2026-08-04T09:36:43+00:00
CVE-2026-58594,updated,2026-08-03,cve_2026_to_now,2026-08-04T09:36:43+00:00
CVE-2026-58595,updated,2026-08-03,cve_2026_to_now,2026-08-04T09:36:43+00:00
CVE-2026-58596,updated,2026-08-03,cve_2026_to_now,2026-08-04T09:36:43+00:00
CVE-2026-58597,updated,2026-08-03,cve_2026_to_now,2026-08-04T09:36:43+00:00
CVE-2026-58598,updated,2026-08-03,cve_2026_to_now,2026-08-04T09:36:43+00:00
CVE-2026-58601,updated,2026-08-03,cve_2026_to_now,2026-08-04T09:36:43+00:00
CVE-2026-58602,updated,2026-08-03,cve_2026_to_now,2026-08-04T09:36:43+00:00
CVE-2026-58608,updated,2026-08-03,cve_2026_to_now,2026-08-04T09:36:43+00:00
CVE-2026-58609,updated,2026-08-03,cve_2026_to_now,2026-08-04T09:36:43+00:00
CVE-2026-58610,updated,2026-08-03,cve_2026_to_now,2026-08-04T09:36:43+00:00
CVE-2026-58613,updated,2026-08-03,cve_2026_to_now,2026-08-04T09:36:43+00:00
CVE-2026-58614,updated,2026-08-03,cve_2026_to_now,2026-08-04T09:36:43+00:00
CVE-2026-58617,updated,2026-08-03,cve_2026_to_now,2026-08-04T09:36:43+00:00
CVE-2026-58618,updated,2026-08-03,cve_2026_to_now,2026-08-04T09:36:43+00:00
CVE-2026-58619,updated,2026-08-03,cve_2026_to_now,2026-08-04T09:36:43+00:00
CVE-2026-58626,updated,2026-08-03,cve_2026_to_now,2026-08-04T09:36:43+00:00
CVE-2026-58627,updated,2026-08-03,cve_2026_to_now,2026-08-04T09:36:43+00:00
CVE-2026-58628,updated,2026-08-03,cve_2026_to_now,2026-08-04T09:36:43+00:00
CVE-2026-58629,updated,2026-08-03,cve_2026_to_now,2026-08-04T09:36:43+00:00
CVE-2026-58630,updated,2026-08-03,cve_2026_to_now,2026-08-04T09:36:43+00:00
CVE-2026-58631,updated,2026-08-03,cve_2026_to_now,2026-08-04T09:36:43+00:00
CVE-2026-58632,updated,2026-08-03,cve_2026_to_now,2026-08-04T09:36:43+00:00
CVE-2026-58633,updated,2026-08-03,cve_2026_to_now,2026-08-04T09:36:43+00:00
CVE-2026-58634,updated,2026-08-03,cve_2026_to_now,2026-08-04T09:36:43+00:00
CVE-2026-58635,updated,2026-08-03,cve_2026_to_now,2026-08-04T09:36:43+00:00
CVE-2026-58636,updated,2026-08-03,cve_2026_to_now,2026-08-04T09:36:43+00:00
CVE-2026-58637,updated,2026-08-03,cve_2026_to_now,2026-08-04T09:36:43+00:00
CVE-2026-58638,updated,2026-08-03,cve_2026_to_now,2026-08-04T09:36:43+00:00
CVE-2026-58640,updated,2026-08-03,cve_2026_to_now,2026-08-04T09:36:43+00:00
CVE-2026-58643,updated,2026-08-03,cve_2026_to_now,2026-08-04T09:36:43+00:00
CVE-2026-58644,updated,2026-08-03,cve_2026_to_now,2026-08-04T09:36:43+00:00
CVE-2026-58647,updated,2026-08-03,cve_2026_to_now,2026-08-04T09:36:43+00:00
CVE-2026-59117,updated,2026-08-03,cve_2026_to_now,2026-08-04T09:36:43+00:00
CVE-2026-59638,updated,,cve_2026_to_now,2026-08-04T09:36:43+00:00
CVE-2026-59639,updated,,cve_2026_to_now,2026-08-04T09:36:43+00:00
CVE-2026-59640,updated,,cve_2026_to_now,2026-08-04T09:36:43+00:00
CVE-2026-59641,updated,,cve_2026_to_now,2026-08-04T09:36:43+00:00
CVE-2026-59642,updated,,cve_2026_to_now,2026-08-04T09:36:43+00:00
CVE-2026-59643,updated,,cve_2026_to_now,2026-08-04T09:36:43+00:00
CVE-2026-59644,updated,,cve_2026_to_now,2026-08-04T09:36:43+00:00
CVE-2026-59645,updated,,cve_2026_to_now,2026-08-04T09:36:43+00:00
CVE-2026-59646,updated,,cve_2026_to_now,2026-08-04T09:36:43+00:00
CVE-2026-59647,updated,,cve_2026_to_now,2026-08-04T09:36:43+00:00
CVE-2026-59648,updated,,cve_2026_to_now,2026-08-04T09:36:43+00:00
CVE-2026-59649,updated,,cve_2026_to_now,2026-08-04T09:36:43+00:00
CVE-2026-59650,updated,,cve_2026_to_now,2026-08-04T09:36:43+00:00
CVE-2026-59651,updated,,cve_2026_to_now,2026-08-04T09:36:43+00:00
CVE-2026-59652,updated,,cve_2026_to_now,2026-08-04T09:36:43+00:00
CVE-2026-59912,added,,cve_2026_to_now,2026-08-04T09:36:43+00:00
CVE-2026-59913,added,,cve_2026_to_now,2026-08-04T09:36:43+00:00
CVE-2026-60011,updated,,cve_2026_to_now,2026-08-04T09:36:43+00:00
CVE-2026-61372,added,,cve_2026_to_now,2026-08-04T09:36:43+00:00
CVE-2026-61523,added,,cve_2026_to_now,2026-08-04T09:36:43+00:00
CVE-2026-61524,added,,cve_2026_to_now,2026-08-04T09:36:43+00:00
CVE-2026-62324,updated,2026-08-03,cve_2026_to_now,2026-08-04T09:36:43+00:00
CVE-2026-62354,added,,cve_2026_to_now,2026-08-04T09:36:43+00:00
CVE-2026-62416,updated,,cve_2026_to_now,2026-08-04T09:36:43+00:00
CVE-2026-62825,updated,2026-08-03,cve_2026_to_now,2026-08-04T09:36:43+00:00
CVE-2026-62826,updated,2026-08-03,cve_2026_to_now,2026-08-04T09:36:43+00:00
CVE-2026-62828,updated,2026-08-03,cve_2026_to_now,2026-08-04T09:36:43+00:00
CVE-2026-62835,updated,2026-08-03,cve_2026_to_now,2026-08-04T09:36:43+00:00
CVE-2026-62870,added,,cve_2026_to_now,2026-08-04T09:36:43+00:00
CVE-2026-63545,updated,,cve_2026_to_now,2026-08-04T09:36:43+00:00
CVE-2026-63563,updated,,cve_2026_to_now,2026-08-04T09:36:43+00:00
CVE-2026-64561,added,,cve_2026_to_now,2026-08-04T09:36:43+00:00
CVE-2026-64562,added,,cve_2026_to_now,2026-08-04T09:36:43+00:00
CVE-2026-64563,added,,cve_2026_to_now,2026-08-04T09:36:43+00:00
CVE-2026-64564,added,,cve_2026_to_now,2026-08-04T09:36:43+00:00
CVE-2026-64565,added,,cve_2026_to_now,2026-08-04T09:36:43+00:00
CVE-2026-64600,updated,2026-07-27,cve_2026_to_now,2026-08-04T09:36:43+00:00
CVE-2026-64827,added,,cve_2026_to_now,2026-08-04T09:36:43+00:00
CVE-2026-65321,updated,2026-08-03,cve_2026_to_now,2026-08-04T09:36:43+00:00
CVE-2026-65802,added,,cve_2026_to_now,2026-08-04T09:36:43+00:00
CVE-2026-65804,added,,cve_2026_to_now,2026-08-04T09:36:43+00:00
CVE-2026-65875,updated,,cve_2026_to_now,2026-08-04T09:36:43+00:00
CVE-2026-65981,updated,2026-08-04,cve_2026_to_now,2026-08-04T09:36:43+00:00
CVE-2026-66065,added,,cve_2026_to_now,2026-08-04T09:36:43+00:00
CVE-2026-66066,updated,2026-08-04,cve_2026_to_now,2026-08-04T09:36:43+00:00
CVE-2026-66296,added,,cve_2026_to_now,2026-08-04T09:36:43+00:00
CVE-2026-66310,added,,cve_2026_to_now,2026-08-04T09:36:43+00:00
CVE-2026-66311,added,,cve_2026_to_now,2026-08-04T09:36:43+00:00
CVE-2026-66312,added,,cve_2026_to_now,2026-08-04T09:36:43+00:00
CVE-2026-66313,added,,cve_2026_to_now,2026-08-04T09:36:43+00:00
CVE-2026-66314,added,,cve_2026_to_now,2026-08-04T09:36:43+00:00
CVE-2026-66315,added,,cve_2026_to_now,2026-08-04T09:36:43+00:00
CVE-2026-66316,added,,cve_2026_to_now,2026-08-04T09:36:43+00:00
CVE-2026-66317,added,,cve_2026_to_now,2026-08-04T09:36:43+00:00
CVE-2026-66318,added,,cve_2026_to_now,2026-08-04T09:36:43+00:00
CVE-2026-66321,added,,cve_2026_to_now,2026-08-04T09:36:43+00:00
CVE-2026-66322,added,,cve_2026_to_now,2026-08-04T09:36:43+00:00
CVE-2026-66325,added,,cve_2026_to_now,2026-08-04T09:36:43+00:00
CVE-2026-66326,added,,cve_2026_to_now,2026-08-04T09:36:43+00:00
CVE-2026-66401,updated,2026-08-03,cve_2026_to_now,2026-08-04T09:36:43+00:00
CVE-2026-66402,updated,2026-08-03,cve_2026_to_now,2026-08-04T09:36:43+00:00
CVE-2026-66759,updated,2026-08-03,cve_2026_to_now,2026-08-04T09:36:43+00:00
CVE-2026-66803,updated,2026-08-03,cve_2026_to_now,2026-08-04T09:36:43+00:00
CVE-2026-67206,updated,2026-08-03,cve_2026_to_now,2026-08-04T09:36:43+00:00
CVE-2026-67207,updated,2026-08-03,cve_2026_to_now,2026-08-04T09:36:43+00:00
CVE-2026-67243,added,,cve_2026_to_now,2026-08-04T09:36:43+00:00
CVE-2026-67244,updated,2026-08-04,cve_2026_to_now,2026-08-04T09:36:43+00:00
CVE-2026-67245,updated,2026-08-04,cve_2026_to_now,2026-08-04T09:36:43+00:00
CVE-2026-67246,updated,2026-08-04,cve_2026_to_now,2026-08-04T09:36:43+00:00
CVE-2026-67247,updated,2026-08-04,cve_2026_to_now,2026-08-04T09:36:43+00:00
CVE-2026-67248,updated,2026-08-04,cve_2026_to_now,2026-08-04T09:36:43+00:00
CVE-2026-67288,updated,2026-08-03,cve_2026_to_now,2026-08-04T09:36:43+00:00
CVE-2026-67289,updated,2026-08-03,cve_2026_to_now,2026-08-04T09:36:43+00:00
CVE-2026-67290,updated,2026-08-03,cve_2026_to_now,2026-08-04T09:36:43+00:00
CVE-2026-67291,updated,2026-08-03,cve_2026_to_now,2026-08-04T09:36:43+00:00
CVE-2026-67292,updated,2026-08-03,cve_2026_to_now,2026-08-04T09:36:43+00:00
CVE-2026-67293,updated,2026-08-03,cve_2026_to_now,2026-08-04T09:36:43+00:00
CVE-2026-67294,updated,2026-08-03,cve_2026_to_now,2026-08-04T09:36:43+00:00
CVE-2026-67295,updated,2026-08-03,cve_2026_to_now,2026-08-04T09:36:43+00:00
CVE-2026-67296,updated,2026-08-03,cve_2026_to_now,2026-08-04T09:36:43+00:00
CVE-2026-67297,updated,2026-08-03,cve_2026_to_now,2026-08-04T09:36:43+00:00
CVE-2026-67298,updated,2026-08-03,cve_2026_to_now,2026-08-04T09:36:43+00:00
CVE-2026-67299,updated,2026-08-03,cve_2026_to_now,2026-08-04T09:36:43+00:00
CVE-2026-67300,updated,2026-08-03,cve_2026_to_now,2026-08-04T09:36:43+00:00
CVE-2026-67301,updated,2026-08-03,cve_2026_to_now,2026-08-04T09:36:43+00:00
CVE-2026-67302,updated,2026-08-03,cve_2026_to_now,2026-08-04T09:36:43+00:00
CVE-2026-67303,updated,2026-08-03,cve_2026_to_now,2026-08-04T09:36:43+00:00
CVE-2026-67304,updated,2026-08-03,cve_2026_to_now,2026-08-04T09:36:43+00:00
CVE-2026-67305,updated,2026-08-03,cve_2026_to_now,2026-08-04T09:36:43+00:00
CVE-2026-67306,updated,2026-08-03,cve_2026_to_now,2026-08-04T09:36:43+00:00
CVE-2026-67307,updated,2026-08-03,cve_2026_to_now,2026-08-04T09:36:43+00:00
CVE-2026-67308,updated,2026-08-03,cve_2026_to_now,2026-08-04T09:36:43+00:00
CVE-2026-67309,updated,2026-08-03,cve_2026_to_now,2026-08-04T09:36:43+00:00
CVE-2026-67310,updated,2026-08-03,cve_2026_to_now,2026-08-04T09:36:43+00:00
CVE-2026-67311,updated,2026-08-03,cve_2026_to_now,2026-08-04T09:36:43+00:00
CVE-2026-67312,updated,2026-08-03,cve_2026_to_now,2026-08-04T09:36:43+00:00
CVE-2026-67313,updated,2026-08-03,cve_2026_to_now,2026-08-04T09:36:43+00:00
CVE-2026-67314,updated,2026-08-03,cve_2026_to_now,2026-08-04T09:36:43+00:00
CVE-2026-67315,updated,2026-08-03,cve_2026_to_now,2026-08-04T09:36:43+00:00
CVE-2026-67316,updated,2026-08-03,cve_2026_to_now,2026-08-04T09:36:43+00:00
CVE-2026-67317,updated,2026-08-03,cve_2026_to_now,2026-08-04T09:36:43+00:00
CVE-2026-67318,updated,2026-08-03,cve_2026_to_now,2026-08-04T09:36:43+00:00
CVE-2026-67319,updated,2026-08-03,cve_2026_to_now,2026-08-04T09:36:43+00:00
CVE-2026-67320,updated,2026-08-03,cve_2026_to_now,2026-08-04T09:36:43+00:00
CVE-2026-67321,updated,2026-08-03,cve_2026_to_now,2026-08-04T09:36:43+00:00
CVE-2026-67322,updated,2026-08-03,cve_2026_to_now,2026-08-04T09:36:43+00:00
CVE-2026-67323,updated,2026-08-03,cve_2026_to_now,2026-08-04T09:36:43+00:00
CVE-2026-67324,updated,2026-08-03,cve_2026_to_now,2026-08-04T09:36:43+00:00
CVE-2026-67325,updated,2026-08-03,cve_2026_to_now,2026-08-04T09:36:43+00:00
CVE-2026-67326,updated,2026-08-03,cve_2026_to_now,2026-08-04T09:36:43+00:00
CVE-2026-67327,updated,2026-08-03,cve_2026_to_now,2026-08-04T09:36:43+00:00
CVE-2026-67328,updated,2026-08-03,cve_2026_to_now,2026-08-04T09:36:43+00:00
CVE-2026-67329,updated,2026-08-03,cve_2026_to_now,2026-08-04T09:36:43+00:00
CVE-2026-67330,updated,2026-08-03,cve_2026_to_now,2026-08-04T09:36:43+00:00
CVE-2026-67331,updated,2026-08-03,cve_2026_to_now,2026-08-04T09:36:43+00:00
CVE-2026-67332,updated,2026-08-03,cve_2026_to_now,2026-08-04T09:36:43+00:00
CVE-2026-67333,updated,2026-08-03,cve_2026_to_now,2026-08-04T09:36:43+00:00
CVE-2026-67334,updated,2026-08-03,cve_2026_to_now,2026-08-04T09:36:43+00:00
CVE-2026-67335,updated,2026-08-03,cve_2026_to_now,2026-08-04T09:36:43+00:00
CVE-2026-67336,updated,2026-08-03,cve_2026_to_now,2026-08-04T09:36:43+00:00
CVE-2026-67337,updated,2026-08-03,cve_2026_to_now,2026-08-04T09:36:43+00:00
CVE-2026-67338,updated,2026-08-03,cve_2026_to_now,2026-08-04T09:36:43+00:00
CVE-2026-67339,updated,2026-08-03,cve_2026_to_now,2026-08-04T09:36:43+00:00
CVE-2026-67340,updated,2026-08-03,cve_2026_to_now,2026-08-04T09:36:43+00:00
CVE-2026-67341,updated,2026-08-03,cve_2026_to_now,2026-08-04T09:36:43+00:00
CVE-2026-67342,updated,2026-08-03,cve_2026_to_now,2026-08-04T09:36:43+00:00
CVE-2026-67343,updated,2026-08-03,cve_2026_to_now,2026-08-04T09:36:43+00:00
CVE-2026-67344,updated,2026-08-03,cve_2026_to_now,2026-08-04T09:36:43+00:00
CVE-2026-67352,updated,2026-08-03,cve_2026_to_now,2026-08-04T09:36:43+00:00
CVE-2026-67353,updated,2026-08-03,cve_2026_to_now,2026-08-04T09:36:43+00:00
CVE-2026-67354,updated,2026-08-03,cve_2026_to_now,2026-08-04T09:36:43+00:00
CVE-2026-67355,updated,2026-08-03,cve_2026_to_now,2026-08-04T09:36:43+00:00
CVE-2026-67356,updated,2026-08-03,cve_2026_to_now,2026-08-04T09:36:43+00:00
CVE-2026-67357,updated,2026-08-03,cve_2026_to_now,2026-08-04T09:36:43+00:00
CVE-2026-67598,added,,cve_2026_to_now,2026-08-04T09:36:43+00:00
CVE-2026-67599,added,,cve_2026_to_now,2026-08-04T09:36:43+00:00
CVE-2026-67607,updated,2026-08-03,cve_2026_to_now,2026-08-04T09:36:43+00:00
CVE-2026-67608,added,,cve_2026_to_now,2026-08-04T09:36:43+00:00
CVE-2026-67609,added,,cve_2026_to_now,2026-08-04T09:36:43+00:00
CVE-2026-67610,added,,cve_2026_to_now,2026-08-04T09:36:43+00:00
CVE-2026-67611,added,,cve_2026_to_now,2026-08-04T09:36:43+00:00
CVE-2026-67612,added,,cve_2026_to_now,2026-08-04T09:36:43+00:00
CVE-2026-67616,added,,cve_2026_to_now,2026-08-04T09:36:43+00:00
CVE-2026-67617,added,,cve_2026_to_now,2026-08-04T09:36:43+00:00
CVE-2026-67673,added,,cve_2026_to_now,2026-08-04T09:36:43+00:00
CVE-2026-67969,added,,cve_2026_to_now,2026-08-04T09:36:43+00:00
CVE-2026-67970,added,,cve_2026_to_now,2026-08-04T09:36:43+00:00
CVE-2026-67972,added,,cve_2026_to_now,2026-08-04T09:36:43+00:00
CVE-2026-67973,added,,cve_2026_to_now,2026-08-04T09:36:43+00:00
CVE-2026-67974,added,,cve_2026_to_now,2026-08-04T09:36:43+00:00
CVE-2026-67975,added,,cve_2026_to_now,2026-08-04T09:36:43+00:00
CVE-2026-67976,added,,cve_2026_to_now,2026-08-04T09:36:43+00:00
CVE-2026-67977,added,,cve_2026_to_now,2026-08-04T09:36:43+00:00
CVE-2026-67978,added,,cve_2026_to_now,2026-08-04T09:36:43+00:00
CVE-2026-68578,updated,2026-08-03,cve_2026_to_now,2026-08-04T09:36:43+00:00
CVE-2026-68579,updated,2026-08-03,cve_2026_to_now,2026-08-04T09:36:43+00:00
CVE-2026-68580,updated,2026-08-03,cve_2026_to_now,2026-08-04T09:36:43+00:00
CVE-2026-68581,updated,2026-08-03,cve_2026_to_now,2026-08-04T09:36:43+00:00
CVE-2026-68582,updated,2026-08-03,cve_2026_to_now,2026-08-04T09:36:43+00:00
CVE-2026-68583,updated,2026-08-03,cve_2026_to_now,2026-08-04T09:36:43+00:00
CVE-2026-68584,added,,cve_2026_to_now,2026-08-04T09:36:43+00:00
CVE-2026-68585,added,,cve_2026_to_now,2026-08-04T09:36:43+00:00
CVE-2026-68586,added,,cve_2026_to_now,2026-08-04T09:36:43+00:00
CVE-2026-68587,added,,cve_2026_to_now,2026-08-04T09:36:43+00:00
CVE-2026-68742,updated,,cve_2026_to_now,2026-08-04T09:36:43+00:00
CVE-2026-68744,added,,cve_2026_to_now,2026-08-04T09:36:43+00:00
CVE-2026-68770,updated,2026-08-03,cve_2026_to_now,2026-08-04T09:36:43+00:00
CVE-2026-68771,updated,2026-08-03,cve_2026_to_now,2026-08-04T09:36:43+00:00
CVE-2026-68930,added,,cve_2026_to_now,2026-08-04T09:36:43+00:00
CVE-2026-68945,added,,cve_2026_to_now,2026-08-04T09:36:43+00:00
CVE-2026-68979,added,,cve_2026_to_now,2026-08-04T09:36:43+00:00
CVE-2026-68980,added,,cve_2026_to_now,2026-08-04T09:36:43+00:00
CVE-2026-68981,added,,cve_2026_to_now,2026-08-04T09:36:43+00:00
CVE-2026-69075,updated,,cve_2026_to_now,2026-08-04T09:36:43+00:00
CVE-2026-69078,updated,,cve_2026_to_now,2026-08-04T09:36:43+00:00
CVE-2026-69079,updated,,cve_2026_to_now,2026-08-04T09:36:43+00:00
CVE-2026-69082,updated,,cve_2026_to_now,2026-08-04T09:36:43+00:00
CVE-2026-69083,added,,cve_2026_to_now,2026-08-04T09:36:43+00:00
CVE-2026-69084,added,,cve_2026_to_now,2026-08-04T09:36:43+00:00
CVE-2026-69085,added,,cve_2026_to_now,2026-08-04T09:36:43+00:00
CVE-2026-69086,added,,cve_2026_to_now,2026-08-04T09:36:43+00:00
CVE-2026-69087,added,,cve_2026_to_now,2026-08-04T09:36:43+00:00
CVE-2026-69088,added,,cve_2026_to_now,2026-08-04T09:36:43+00:00
CVE-2026-69089,added,,cve_2026_to_now,2026-08-04T09:36:43+00:00
CVE-2026-69090,added,,cve_2026_to_now,2026-08-04T09:36:43+00:00
CVE-2026-69091,added,,cve_2026_to_now,2026-08-04T09:36:43+00:00
CVE-2026-69092,added,,cve_2026_to_now,2026-08-04T09:36:43+00:00
CVE-2026-69093,added,,cve_2026_to_now,2026-08-04T09:36:43+00:00
CVE-2026-69094,added,,cve_2026_to_now,2026-08-04T09:36:43+00:00
CVE-2026-69095,added,,cve_2026_to_now,2026-08-04T09:36:43+00:00
CVE-2026-69096,added,,cve_2026_to_now,2026-08-04T09:36:43+00:00
CVE-2026-69097,added,,cve_2026_to_now,2026-08-04T09:36:43+00:00
CVE-2026-69149,added,,cve_2026_to_now,2026-08-04T09:36:43+00:00
CVE-2026-69151,added,,cve_2026_to_now,2026-08-04T09:36:43+00:00
CVE-2026-69152,added,,cve_2026_to_now,2026-08-04T09:36:43+00:00
CVE-2026-69153,added,,cve_2026_to_now,2026-08-04T09:36:43+00:00
CVE-2026-69185,added,,cve_2026_to_now,2026-08-04T09:36:43+00:00
CVE-2026-69192,added,,cve_2026_to_now,2026-08-04T09:36:43+00:00
CVE-2026-69198,added,,cve_2026_to_now,2026-08-04T09:36:43+00:00
CVE-2026-69240,added,,cve_2026_to_now,2026-08-04T09:36:43+00:00
CVE-2026-69243,added,,cve_2026_to_now,2026-08-04T09:36:43+00:00
CVE-2026-69244,added,,cve_2026_to_now,2026-08-04T09:36:43+00:00
CVE-2026-69245,added,,cve_2026_to_now,2026-08-04T09:36:43+00:00
CVE-2026-69246,added,,cve_2026_to_now,2026-08-04T09:36:43+00:00
CVE-2026-69247,added,,cve_2026_to_now,2026-08-04T09:36:43+00:00
CVE-2026-69248,added,,cve_2026_to_now,2026-08-04T09:36:43+00:00
CVE-2026-69249,added,,cve_2026_to_now,2026-08-04T09:36:43+00:00
